Finland, Period fertility rates by calendar year and age (Lexis squares, age in completed years (ACY))
Last modified: 06/09/2023
Year    Age        ASFR
1939     12-    0.00000
1939     13     0.00000
1939     14     0.00003
1939     15     0.00026
1939     16     0.00174
1939     17     0.00825
1939     18     0.02578
1939     19     0.04886
1939     20     0.07710
1939     21     0.10230
1939     22     0.11775
1939     23     0.13171
1939     24     0.13746
1939     25     0.14298
1939     26     0.13963
1939     27     0.14139
1939     28     0.14061
1939     29     0.13454
1939     30     0.12945
1939     31     0.11755
1939     32     0.11333
1939     33     0.10541
1939     34     0.09914
1939     35     0.09473
1939     36     0.08492
1939     37     0.08270
1939     38     0.07548
1939     39     0.06908
1939     40     0.06155
1939     41     0.04882
1939     42     0.03943
1939     43     0.03033
1939     44     0.02285
1939     45     0.01314
1939     46     0.00668
1939     47     0.00261
1939     48     0.00132
1939     49     0.00062
1939     50     0.00020
1939     51     0.00015
1939     52     0.00015
1939     53     0.00000
1939     54     0.00000
1939     55+    0.00006
1940     12-    0.00000
1940     13     0.00000
1940     14     0.00000
1940     15     0.00027
1940     16     0.00151
1940     17     0.00692
1940     18     0.02029
1940     19     0.04450
1940     20     0.06393
1940     21     0.08319
1940     22     0.09841
1940     23     0.10593
1940     24     0.11308
1940     25     0.11973
1940     26     0.11762
1940     27     0.11687
1940     28     0.11148
1940     29     0.10874
1940     30     0.10710
1940     31     0.09905
1940     32     0.09424
1940     33     0.09041
1940     34     0.08521
1940     35     0.08125
1940     36     0.07590
1940     37     0.06681
1940     38     0.06425
1940     39     0.06144
1940     40     0.05434
1940     41     0.04571
1940     42     0.03572
1940     43     0.02950
1940     44     0.01884
1940     45     0.01246
1940     46     0.00660
1940     47     0.00309
1940     48     0.00136
1940     49     0.00035
1940     50     0.00036
1940     51     0.00026
1940     52     0.00005
1940     53     0.00010
1940     54     0.00000
1940     55+    0.00000
1941     12-    0.00000
1941     13     0.00000
1941     14     0.00000
1941     15     0.00018
1941     16     0.00096
1941     17     0.00601
1941     18     0.01894
1941     19     0.04073
1941     20     0.07590
1941     21     0.10393
1941     22     0.12770
1941     23     0.14754
1941     24     0.15747
1941     25     0.16975
1941     26     0.16742
1941     27     0.16832
1941     28     0.16348
1941     29     0.16434
1941     30     0.15806
1941     31     0.14300
1941     32     0.13733
1941     33     0.12256
1941     34     0.11846
1941     35     0.11195
1941     36     0.10221
1941     37     0.09318
1941     38     0.08484
1941     39     0.07100
1941     40     0.06880
1941     41     0.05178
1941     42     0.04399
1941     43     0.03326
1941     44     0.02254
1941     45     0.01398
1941     46     0.00763
1941     47     0.00381
1941     48     0.00171
1941     49     0.00034
1941     50     0.00045
1941     51     0.00005
1941     52     0.00005
1941     53     0.00000
1941     54     0.00005
1941     55+    0.00000
1942     12-    0.00000
1942     13     0.00000
1942     14     0.00000
1942     15     0.00021
1942     16     0.00093
1942     17     0.00463
1942     18     0.01402
1942     19     0.02828
1942     20     0.04982
1942     21     0.07115
1942     22     0.08448
1942     23     0.09281
1942     24     0.10175
1942     25     0.10520
1942     26     0.11029
1942     27     0.10732
1942     28     0.10854
1942     29     0.10430
1942     30     0.10243
1942     31     0.10142
1942     32     0.09759
1942     33     0.08709
1942     34     0.08288
1942     35     0.08010
1942     36     0.07603
1942     37     0.06888
1942     38     0.06523
1942     39     0.05581
1942     40     0.05317
1942     41     0.04588
1942     42     0.03391
1942     43     0.02539
1942     44     0.01792
1942     45     0.01320
1942     46     0.00655
1942     47     0.00328
1942     48     0.00168
1942     49     0.00071
1942     50     0.00025
1942     51     0.00015
1942     52     0.00005
1942     53     0.00005
1942     54     0.00010
1942     55+    0.00000
1943     12-    0.00000
1943     13     0.00000
1943     14     0.00003
1943     15     0.00024
1943     16     0.00098
1943     17     0.00468
1943     18     0.01233
1943     19     0.02814
1943     20     0.04850
1943     21     0.07185
1943     22     0.09694
1943     23     0.11552
1943     24     0.12357
1943     25     0.13252
1943     26     0.13068
1943     27     0.13313
1943     28     0.13383
1943     29     0.13215
1943     30     0.12966
1943     31     0.12550
1943     32     0.12526
1943     33     0.11652
1943     34     0.11087
1943     35     0.10519
1943     36     0.10050
1943     37     0.09481
1943     38     0.08345
1943     39     0.07110
1943     40     0.06525
1943     41     0.05187
1943     42     0.04472
1943     43     0.03195
1943     44     0.02028
1943     45     0.01237
1943     46     0.00675
1943     47     0.00344
1943     48     0.00124
1943     49     0.00075
1943     50     0.00026
1943     51     0.00015
1943     52     0.00020
1943     53     0.00016
1943     54     0.00000
1943     55+    0.00000
1944     12-    0.00000
1944     13     0.00000
1944     14     0.00003
1944     15     0.00024
1944     16     0.00136
1944     17     0.00468
1944     18     0.01513
1944     19     0.03269
1944     20     0.05780
1944     21     0.08653
1944     22     0.10797
1944     23     0.12677
1944     24     0.13766
1944     25     0.14211
1944     26     0.14133
1944     27     0.14420
1944     28     0.13990
1944     29     0.13727
1944     30     0.13356
1944     31     0.12791
1944     32     0.12662
1944     33     0.11865
1944     34     0.11192
1944     35     0.10136
1944     36     0.09589
1944     37     0.08879
1944     38     0.08065
1944     39     0.07222
1944     40     0.06310
1944     41     0.04903
1944     42     0.04115
1944     43     0.03048
1944     44     0.02189
1944     45     0.01353
1944     46     0.00695
1944     47     0.00278
1944     48     0.00152
1944     49     0.00093
1944     50     0.00025
1944     51     0.00010
1944     52     0.00000
1944     53     0.00000
1944     54     0.00000
1944     55+    0.00000
1945     12-    0.00000
1945     13     0.00000
1945     14     0.00003
1945     15     0.00018
1945     16     0.00103
1945     17     0.00497
1945     18     0.01775
1945     19     0.04268
1945     20     0.07527
1945     21     0.10715
1945     22     0.13543
1945     23     0.16547
1945     24     0.17472
1945     25     0.19200
1945     26     0.17764
1945     27     0.17848
1945     28     0.17453
1945     29     0.17219
1945     30     0.16402
1945     31     0.15412
1945     32     0.14650
1945     33     0.13872
1945     34     0.12681
1945     35     0.11848
1945     36     0.10940
1945     37     0.09692
1945     38     0.08603
1945     39     0.07925
1945     40     0.06852
1945     41     0.05381
1945     42     0.04192
1945     43     0.02943
1945     44     0.02166
1945     45     0.01294
1945     46     0.00597
1945     47     0.00315
1945     48     0.00178
1945     49     0.00032
1945     50     0.00028
1945     51     0.00020
1945     52     0.00020
1945     53     0.00013
1945     54     0.00006
1945     55+    0.00003
1946     12-    0.00000
1946     13     0.00000
1946     14     0.00000
1946     15     0.00018
1946     16     0.00200
1946     17     0.00925
1946     18     0.03029
1946     19     0.06533
1946     20     0.10239
1946     21     0.14141
1946     22     0.16250
1946     23     0.18200
1946     24     0.19342
1946     25     0.20572
1946     26     0.19429
1946     27     0.19062
1946     28     0.18532
1946     29     0.17797
1946     30     0.17386
1946     31     0.16571
1946     32     0.15553
1946     33     0.14440
1946     34     0.13566
1946     35     0.13079
1946     36     0.12059
1946     37     0.10353
1946     38     0.09338
1946     39     0.08279
1946     40     0.07112
1946     41     0.05635
1946     42     0.04394
1946     43     0.03191
1946     44     0.02247
1946     45     0.01343
1946     46     0.00682
1946     47     0.00325
1946     48     0.00144
1946     49     0.00032
1946     50     0.00027
1946     51     0.00010
1946     52     0.00009
1946     53     0.00006
1946     54     0.00003
1946     55+    0.00002
1947     12-    0.00000
1947     13     0.00000
1947     14     0.00003
1947     15     0.00029
1947     16     0.00225
1947     17     0.01203
1947     18     0.03749
1947     19     0.07390
1947     20     0.11517
1947     21     0.14811
1947     22     0.17605
1947     23     0.19421
1947     24     0.20193
1947     25     0.20830
1947     26     0.20851
1947     27     0.20230
1947     28     0.18753
1947     29     0.17967
1947     30     0.17492
1947     31     0.16058
1947     32     0.15012
1947     33     0.13984
1947     34     0.13142
1947     35     0.12270
1947     36     0.11633
1947     37     0.10576
1947     38     0.09314
1947     39     0.08006
1947     40     0.06828
1947     41     0.05130
1947     42     0.04388
1947     43     0.03148
1947     44     0.02012
1947     45     0.01192
1947     46     0.00749
1947     47     0.00327
1947     48     0.00152
1947     49     0.00034
1947     50     0.00018
1947     51     0.00005
1947     52     0.00014
1947     53     0.00015
1947     54     0.00008
1947     55+    0.00004
1948     12-    0.00000
1948     13     0.00003
1948     14     0.00010
1948     15     0.00033
1948     16     0.00280
1948     17     0.01389
1948     18     0.03770
1948     19     0.07648
1948     20     0.11753
1948     21     0.14924
1948     22     0.18009
1948     23     0.19160
1948     24     0.20260
1948     25     0.20532
1948     26     0.20297
1948     27     0.19913
1948     28     0.19303
1948     29     0.17452
1948     30     0.17246
1948     31     0.16037
1948     32     0.15110
1948     33     0.14335
1948     34     0.13413
1948     35     0.11793
1948     36     0.11139
1948     37     0.10488
1948     38     0.08800
1948     39     0.08051
1948     40     0.06694
1948     41     0.05490
1948     42     0.04261
1948     43     0.03090
1948     44     0.02111
1948     45     0.01240
1948     46     0.00603
1948     47     0.00333
1948     48     0.00142
1948     49     0.00050
1948     50     0.00039
1948     51     0.00018
1948     52     0.00007
1948     53     0.00004
1948     54     0.00002
1948     55+    0.00001
1949     12-    0.00000
1949     13     0.00000
1949     14     0.00006
1949     15     0.00047
1949     16     0.00323
1949     17     0.01515
1949     18     0.03945
1949     19     0.07449
1949     20     0.11676
1949     21     0.14823
1949     22     0.17007
1949     23     0.18628
1949     24     0.19546
1949     25     0.19362
1949     26     0.19003
1949     27     0.18604
1949     28     0.18364
1949     29     0.17425
1949     30     0.16080
1949     31     0.15376
1949     32     0.14167
1949     33     0.13610
1949     34     0.12746
1949     35     0.11568
1949     36     0.10796
1949     37     0.09709
1949     38     0.08899
1949     39     0.08053
1949     40     0.06399
1949     41     0.05223
1949     42     0.04182
1949     43     0.03003
1949     44     0.02020
1949     45     0.01207
1949     46     0.00622
1949     47     0.00278
1949     48     0.00182
1949     49     0.00070
1949     50     0.00012
1949     51     0.00009
1949     52     0.00006
1949     53     0.00004
1949     54     0.00002
1949     55+    0.00001
1950     12-    0.00000
1950     13     0.00006
1950     14     0.00013
1950     15     0.00045
1950     16     0.00305
1950     17     0.01418
1950     18     0.03972
1950     19     0.07460
1950     20     0.11173
1950     21     0.13884
1950     22     0.16530
1950     23     0.17407
1950     24     0.18464
1950     25     0.18408
1950     26     0.18141
1950     27     0.17576
1950     28     0.17476
1950     29     0.16234
1950     30     0.15676
1950     31     0.14440
1950     32     0.13569
1950     33     0.12549
1950     34     0.11750
1950     35     0.11447
1950     36     0.10306
1950     37     0.09119
1950     38     0.08341
1950     39     0.07364
1950     40     0.06538
1950     41     0.05032
1950     42     0.03816
1950     43     0.02747
1950     44     0.01798
1950     45     0.01039
1950     46     0.00694
1950     47     0.00222
1950     48     0.00162
1950     49     0.00077
1950     50     0.00017
1950     51     0.00008
1950     52     0.00008
1950     53     0.00006
1950     54     0.00003
1950     55+    0.00002
1951     12-    0.00000
1951     13     0.00000
1951     14     0.00010
1951     15     0.00048
1951     16     0.00265
1951     17     0.01189
1951     18     0.03947
1951     19     0.07012
1951     20     0.10978
1951     21     0.13561
1951     22     0.16016
1951     23     0.16853
1951     24     0.17630
1951     25     0.18000
1951     26     0.17470
1951     27     0.17257
1951     28     0.15997
1951     29     0.15330
1951     30     0.14906
1951     31     0.14325
1951     32     0.12951
1951     33     0.11820
1951     34     0.11397
1951     35     0.10482
1951     36     0.09379
1951     37     0.08749
1951     38     0.07760
1951     39     0.06693
1951     40     0.05876
1951     41     0.04781
1951     42     0.03769
1951     43     0.02638
1951     44     0.01644
1951     45     0.00927
1951     46     0.00544
1951     47     0.00226
1951     48     0.00159
1951     49     0.00032
1951     50     0.00037
1951     51     0.00004
1951     52     0.00002
1951     53     0.00001
1951     54     0.00001
1951     55+    0.00001
1952     12-    0.00000
1952     13     0.00000
1952     14     0.00012
1952     15     0.00032
1952     16     0.00315
1952     17     0.01637
1952     18     0.04099
1952     19     0.07516
1952     20     0.11490
1952     21     0.14689
1952     22     0.16689
1952     23     0.17634
1952     24     0.19130
1952     25     0.17737
1952     26     0.17839
1952     27     0.16908
1952     28     0.16460
1952     29     0.15429
1952     30     0.14896
1952     31     0.13799
1952     32     0.13206
1952     33     0.12698
1952     34     0.11379
1952     35     0.10114
1952     36     0.09459
1952     37     0.08772
1952     38     0.07001
1952     39     0.06654
1952     40     0.05718
1952     41     0.04606
1952     42     0.03700
1952     43     0.02566
1952     44     0.01718
1952     45     0.01003
1952     46     0.00506
1952     47     0.00270
1952     48     0.00125
1952     49     0.00048
1952     50     0.00024
1952     51     0.00004
1952     52     0.00005
1952     53     0.00004
1952     54     0.00002
1952     55+    0.00002
1953     12-    0.00000
1953     13     0.00003
1953     14     0.00003
1953     15     0.00042
1953     16     0.00274
1953     17     0.01584
1953     18     0.04305
1953     19     0.07871
1953     20     0.11225
1953     21     0.14294
1953     22     0.16650
1953     23     0.17512
1953     24     0.17930
1953     25     0.17836
1953     26     0.17468
1953     27     0.16443
1953     28     0.15472
1953     29     0.15021
1953     30     0.14130
1953     31     0.13078
1953     32     0.12613
1953     33     0.11683
1953     34     0.10305
1953     35     0.09919
1953     36     0.08803
1953     37     0.08089
1953     38     0.07243
1953     39     0.06368
1953     40     0.05435
1953     41     0.04416
1953     42     0.03591
1953     43     0.02457
1953     44     0.01530
1953     45     0.00881
1953     46     0.00495
1953     47     0.00211
1953     48     0.00073
1953     49     0.00046
1953     50     0.00012
1953     51     0.00004
1953     52     0.00005
1953     53     0.00004
1953     54     0.00002
1953     55+    0.00001
1954     12-    0.00000
1954     13     0.00006
1954     14     0.00012
1954     15     0.00044
1954     16     0.00314
1954     17     0.01512
1954     18     0.04544
1954     19     0.08127
1954     20     0.12191
1954     21     0.14640
1954     22     0.16769
1954     23     0.18133
1954     24     0.18270
1954     25     0.18020
1954     26     0.17257
1954     27     0.16062
1954     28     0.15570
1954     29     0.14501
1954     30     0.13965
1954     31     0.12767
1954     32     0.11809
1954     33     0.11085
1954     34     0.10469
1954     35     0.09593
1954     36     0.08539
1954     37     0.07895
1954     38     0.07026
1954     39     0.05964
1954     40     0.05360
1954     41     0.03996
1954     42     0.03271
1954     43     0.02335
1954     44     0.01483
1954     45     0.00820
1954     46     0.00462
1954     47     0.00201
1954     48     0.00097
1954     49     0.00015
1954     50     0.00011
1954     51     0.00004
1954     52     0.00002
1954     53     0.00001
1954     54     0.00001
1954     55+    0.00000
1955     12-    0.00000
1955     13     0.00000
1955     14     0.00012
1955     15     0.00038
1955     16     0.00315
1955     17     0.01547
1955     18     0.04522
1955     19     0.08410
1955     20     0.12281
1955     21     0.15218
1955     22     0.17129
1955     23     0.17890
1955     24     0.18333
1955     25     0.17877
1955     26     0.17479
1955     27     0.17142
1955     28     0.15643
1955     29     0.14370
1955     30     0.13591
1955     31     0.12498
1955     32     0.11648
1955     33     0.11086
1955     34     0.10012
1955     35     0.09581
1955     36     0.08328
1955     37     0.07559
1955     38     0.07007
1955     39     0.06116
1955     40     0.05204
1955     41     0.04249
1955     42     0.03297
1955     43     0.02471
1955     44     0.01438
1955     45     0.00865
1955     46     0.00387
1955     47     0.00198
1955     48     0.00062
1955     49     0.00022
1955     50     0.00015
1955     51     0.00004
1955     52     0.00002
1955     53     0.00001
1955     54     0.00001
1955     55+    0.00000
1956     12-    0.00000
1956     13     0.00000
1956     14     0.00018
1956     15     0.00030
1956     16     0.00313
1956     17     0.01711
1956     18     0.03667
1956     19     0.09165
1956     20     0.12696
1956     21     0.15519
1956     22     0.17572
1956     23     0.18259
1956     24     0.18666
1956     25     0.18409
1956     26     0.17722
1956     27     0.16520
1956     28     0.15457
1956     29     0.14468
1956     30     0.13306
1956     31     0.12285
1956     32     0.11705
1956     33     0.10607
1956     34     0.09990
1956     35     0.09044
1956     36     0.08479
1956     37     0.07210
1956     38     0.06733
1956     39     0.05605
1956     40     0.04920
1956     41     0.03900
1956     42     0.02848
1956     43     0.02151
1956     44     0.01439
1956     45     0.00856
1956     46     0.00429
1956     47     0.00175
1956     48     0.00047
1956     49     0.00010
1956     50     0.00015
1956     51     0.00004
1956     52     0.00003
1956     53     0.00002
1956     54     0.00001
1956     55+    0.00001
1957     12-    0.00000
1957     13     0.00000
1957     14     0.00006
1957     15     0.00050
1957     16     0.00265
1957     17     0.01635
1957     18     0.04748
1957     19     0.08577
1957     20     0.12223
1957     21     0.15560
1957     22     0.17774
1957     23     0.18376
1957     24     0.18747
1957     25     0.17976
1957     26     0.17611
1957     27     0.16379
1957     28     0.15112
1957     29     0.14147
1957     30     0.13174
1957     31     0.11773
1957     32     0.11006
1957     33     0.10352
1957     34     0.09605
1957     35     0.08813
1957     36     0.07859
1957     37     0.06982
1957     38     0.06092
1957     39     0.05340
1957     40     0.04627
1957     41     0.03803
1957     42     0.02890
1957     43     0.02010
1957     44     0.01425
1957     45     0.00844
1957     46     0.00459
1957     47     0.00151
1957     48     0.00069
1957     49     0.00027
1957     50     0.00014
1957     51     0.00007
1957     52     0.00002
1957     53     0.00001
1957     54     0.00001
1957     55+    0.00000
1958     12-    0.00000
1958     13     0.00000
1958     14     0.00008
1958     15     0.00048
1958     16     0.00337
1958     17     0.01509
1958     18     0.04335
1958     19     0.08394
1958     20     0.11795
1958     21     0.14562
1958     22     0.16571
1958     23     0.17409
1958     24     0.17237
1958     25     0.17268
1958     26     0.16645
1958     27     0.15428
1958     28     0.14589
1958     29     0.13048
1958     30     0.12585
1958     31     0.11006
1958     32     0.09972
1958     33     0.09562
1958     34     0.08415
1958     35     0.08054
1958     36     0.07186
1958     37     0.06559
1958     38     0.05856
1958     39     0.04738
1958     40     0.04216
1958     41     0.03449
1958     42     0.02707
1958     43     0.01940
1958     44     0.01291
1958     45     0.00750
1958     46     0.00367
1958     47     0.00142
1958     48     0.00050
1958     49     0.00010
1958     50     0.00014
1958     51     0.00003
1958     52     0.00003
1958     53     0.00002
1958     54     0.00001
1958     55+    0.00001
1959     12-    0.00000
1959     13     0.00002
1959     14     0.00008
1959     15     0.00037
1959     16     0.00341
1959     17     0.01754
1959     18     0.04386
1959     19     0.08338
1959     20     0.12336
1959     21     0.15345
1959     22     0.17087
1959     23     0.17963
1959     24     0.18409
1959     25     0.17880
1959     26     0.17193
1959     27     0.15749
1959     28     0.14940
1959     29     0.13725
1959     30     0.12519
1959     31     0.11831
1959     32     0.10375
1959     33     0.09764
1959     34     0.08553
1959     35     0.07933
1959     36     0.07342
1959     37     0.06385
1959     38     0.05714
1959     39     0.05004
1959     40     0.04259
1959     41     0.03422
1959     42     0.02649
1959     43     0.01798
1959     44     0.01208
1959     45     0.00760
1959     46     0.00337
1959     47     0.00174
1959     48     0.00056
1959     49     0.00027
1959     50     0.00010
1959     51     0.00000
1959     52     0.00000
1959     53     0.00000
1959     54     0.00000
1959     55+    0.00000
1960     12-    0.00000
1960     13     0.00004
1960     14     0.00014
1960     15     0.00062
1960     16     0.00350
1960     17     0.01643
1960     18     0.04794
1960     19     0.08121
1960     20     0.12442
1960     21     0.14997
1960     22     0.17435
1960     23     0.18058
1960     24     0.18230
1960     25     0.17949
1960     26     0.17296
1960     27     0.15806
1960     28     0.14959
1960     29     0.13714
1960     30     0.12474
1960     31     0.11256
1960     32     0.10373
1960     33     0.09192
1960     34     0.08535
1960     35     0.07457
1960     36     0.06836
1960     37     0.06025
1960     38     0.05727
1960     39     0.04651
1960     40     0.03997
1960     41     0.03165
1960     42     0.02479
1960     43     0.01720
1960     44     0.01126
1960     45     0.00631
1960     46     0.00344
1960     47     0.00167
1960     48     0.00030
1960     49     0.00017
1960     50     0.00017
1960     51     0.00000
1960     52     0.00001
1960     53     0.00002
1960     54     0.00002
1960     55+    0.00001
1961     12-    0.00004
1961     13     0.00002
1961     14     0.00004
1961     15     0.00052
1961     16     0.00413
1961     17     0.01839
1961     18     0.04913
1961     19     0.08532
1961     20     0.11648
1961     21     0.15246
1961     22     0.17021
1961     23     0.18131
1961     24     0.18134
1961     25     0.18457
1961     26     0.16865
1961     27     0.15954
1961     28     0.15162
1961     29     0.13640
1961     30     0.12262
1961     31     0.11702
1961     32     0.10261
1961     33     0.09237
1961     34     0.07756
1961     35     0.07848
1961     36     0.06840
1961     37     0.05816
1961     38     0.05621
1961     39     0.04499
1961     40     0.03958
1961     41     0.03196
1961     42     0.02485
1961     43     0.01714
1961     44     0.01115
1961     45     0.00631
1961     46     0.00359
1961     47     0.00141
1961     48     0.00077
1961     49     0.00033
1961     50     0.00013
1961     51     0.00000
1961     52     0.00000
1961     53     0.00000
1961     54     0.00000
1961     55+    0.00000
1962     12-    0.00000
1962     13     0.00002
1962     14     0.00008
1962     15     0.00059
1962     16     0.00443
1962     17     0.02152
1962     18     0.05287
1962     19     0.08842
1962     20     0.12574
1962     21     0.14796
1962     22     0.17439
1962     23     0.18339
1962     24     0.18243
1962     25     0.18027
1962     26     0.17138
1962     27     0.16025
1962     28     0.14553
1962     29     0.13344
1962     30     0.12504
1962     31     0.11157
1962     32     0.09521
1962     33     0.09117
1962     34     0.08180
1962     35     0.06943
1962     36     0.06310
1962     37     0.05788
1962     38     0.04799
1962     39     0.04268
1962     40     0.03512
1962     41     0.03057
1962     42     0.02271
1962     43     0.01580
1962     44     0.01016
1962     45     0.00590
1962     46     0.00315
1962     47     0.00136
1962     48     0.00058
1962     49     0.00024
1962     50     0.00000
1962     51     0.00003
1962     52     0.00003
1962     53     0.00002
1962     54     0.00001
1962     55+    0.00001
1963     12-    0.00000
1963     13     0.00000
1963     14     0.00006
1963     15     0.00055
1963     16     0.00425
1963     17     0.02249
1963     18     0.05597
1963     19     0.09300
1963     20     0.12304
1963     21     0.15209
1963     22     0.16770
1963     23     0.18079
1963     24     0.18044
1963     25     0.17837
1963     26     0.16735
1963     27     0.16184
1963     28     0.15294
1963     29     0.13388
1963     30     0.12176
1963     31     0.11388
1963     32     0.09940
1963     33     0.09321
1963     34     0.08232
1963     35     0.07133
1963     36     0.06345
1963     37     0.05547
1963     38     0.04787
1963     39     0.04051
1963     40     0.03469
1963     41     0.02808
1963     42     0.02286
1963     43     0.01528
1963     44     0.00958
1963     45     0.00594
1963     46     0.00336
1963     47     0.00119
1963     48     0.00049
1963     49     0.00031
1963     50     0.00014
1963     51     0.00007
1963     52     0.00005
1963     53     0.00003
1963     54     0.00002
1963     55+    0.00001
1964     12-    0.00000
1964     13     0.00005
1964     14     0.00002
1964     15     0.00054
1964     16     0.00477
1964     17     0.02196
1964     18     0.05436
1964     19     0.09225
1964     20     0.12058
1964     21     0.14480
1964     22     0.16417
1964     23     0.17057
1964     24     0.18206
1964     25     0.17136
1964     26     0.16607
1964     27     0.15239
1964     28     0.14510
1964     29     0.13166
1964     30     0.12139
1964     31     0.10766
1964     32     0.09593
1964     33     0.08784
1964     34     0.07449
1964     35     0.06904
1964     36     0.06125
1964     37     0.05288
1964     38     0.04644
1964     39     0.03743
1964     40     0.03444
1964     41     0.02655
1964     42     0.02225
1964     43     0.01496
1964     44     0.01128
1964     45     0.00559
1964     46     0.00273
1964     47     0.00143
1964     48     0.00037
1964     49     0.00014
1964     50     0.00007
1964     51     0.00000
1964     52     0.00001
1964     53     0.00001
1964     54     0.00001
1964     55+    0.00001
1965     12-    0.00000
1965     13     0.00000
1965     14     0.00009
1965     15     0.00095
1965     16     0.00485
1965     17     0.02139
1965     18     0.05195
1965     19     0.08779
1965     20     0.11621
1965     21     0.14366
1965     22     0.15323
1965     23     0.16680
1965     24     0.16672
1965     25     0.16528
1965     26     0.16016
1965     27     0.14529
1965     28     0.13709
1965     29     0.12491
1965     30     0.11261
1965     31     0.09996
1965     32     0.09330
1965     33     0.08345
1965     34     0.07484
1965     35     0.06670
1965     36     0.05879
1965     37     0.04927
1965     38     0.04618
1965     39     0.03932
1965     40     0.02933
1965     41     0.02462
1965     42     0.02087
1965     43     0.01308
1965     44     0.00880
1965     45     0.00620
1965     46     0.00330
1965     47     0.00130
1965     48     0.00022
1965     49     0.00004
1965     50     0.00000
1965     51     0.00007
1965     52     0.00009
1965     53     0.00007
1965     54     0.00003
1965     55+    0.00002
1966     12-    0.00000
1966     13     0.00000
1966     14     0.00016
1966     15     0.00063
1966     16     0.00481
1966     17     0.02423
1966     18     0.05433
1966     19     0.09138
1966     20     0.11907
1966     21     0.14040
1966     22     0.15449
1966     23     0.16073
1966     24     0.16165
1966     25     0.15993
1966     26     0.15533
1966     27     0.14646
1966     28     0.13179
1966     29     0.11785
1966     30     0.11442
1966     31     0.09845
1966     32     0.08824
1966     33     0.07998
1966     34     0.07256
1966     35     0.06242
1966     36     0.05347
1966     37     0.04736
1966     38     0.04153
1966     39     0.03343
1966     40     0.02741
1966     41     0.02116
1966     42     0.01693
1966     43     0.01204
1966     44     0.00826
1966     45     0.00483
1966     46     0.00209
1966     47     0.00108
1966     48     0.00025
1966     49     0.00022
1966     50     0.00000
1966     51     0.00000
1966     52     0.00000
1966     53     0.00000
1966     54     0.00000
1966     55+    0.00000
1967     12-    0.00000
1967     13     0.00000
1967     14     0.00012
1967     15     0.00092
1967     16     0.00633
1967     17     0.02512
1967     18     0.05480
1967     19     0.08815
1967     20     0.11476
1967     21     0.13897
1967     22     0.14676
1967     23     0.15660
1967     24     0.16321
1967     25     0.15302
1967     26     0.14877
1967     27     0.14457
1967     28     0.12925
1967     29     0.11635
1967     30     0.10396
1967     31     0.09454
1967     32     0.08208
1967     33     0.07024
1967     34     0.06601
1967     35     0.06070
1967     36     0.05310
1967     37     0.04450
1967     38     0.03724
1967     39     0.03330
1967     40     0.02616
1967     41     0.02146
1967     42     0.01583
1967     43     0.01089
1967     44     0.00737
1967     45     0.00447
1967     46     0.00202
1967     47     0.00086
1967     48     0.00046
1967     49     0.00011
1967     50     0.00007
1967     51     0.00000
1967     52     0.00000
1967     53     0.00000
1967     54     0.00000
1967     55+    0.00000
1968     12-    0.00000
1968     13     0.00000
1968     14     0.00012
1968     15     0.00081
1968     16     0.00564
1968     17     0.02497
1968     18     0.05350
1968     19     0.08829
1968     20     0.11413
1968     21     0.13265
1968     22     0.14142
1968     23     0.14901
1968     24     0.14501
1968     25     0.14525
1968     26     0.13710
1968     27     0.12541
1968     28     0.11573
1968     29     0.10686
1968     30     0.09927
1968     31     0.08343
1968     32     0.07639
1968     33     0.06539
1968     34     0.05637
1968     35     0.05029
1968     36     0.04489
1968     37     0.04113
1968     38     0.03165
1968     39     0.02755
1968     40     0.02308
1968     41     0.01897
1968     42     0.01372
1968     43     0.00904
1968     44     0.00614
1968     45     0.00360
1968     46     0.00212
1968     47     0.00079
1968     48     0.00057
1968     49     0.00004
1968     50     0.00000
1968     51     0.00000
1968     52     0.00000
1968     53     0.00000
1968     54     0.00000
1968     55+    0.00000
1969     12-    0.00000
1969     13     0.00000
1969     14     0.00010
1969     15     0.00076
1969     16     0.00527
1969     17     0.02535
1969     18     0.05232
1969     19     0.08168
1969     20     0.10249
1969     21     0.11594
1969     22     0.12865
1969     23     0.13380
1969     24     0.13402
1969     25     0.12863
1969     26     0.12532
1969     27     0.11622
1969     28     0.10258
1969     29     0.09549
1969     30     0.08782
1969     31     0.07603
1969     32     0.06869
1969     33     0.05692
1969     34     0.05104
1969     35     0.04630
1969     36     0.03924
1969     37     0.03496
1969     38     0.02951
1969     39     0.02663
1969     40     0.01986
1969     41     0.01517
1969     42     0.01093
1969     43     0.00751
1969     44     0.00473
1969     45     0.00325
1969     46     0.00147
1969     47     0.00074
1969     48     0.00026
1969     49     0.00011
1969     50     0.00004
1969     51     0.00000
1969     52     0.00000
1969     53     0.00000
1969     54     0.00000
1969     55+    0.00000
1970     12-    0.00000
1970     13     0.00000
1970     14     0.00005
1970     15     0.00121
1970     16     0.00589
1970     17     0.02425
1970     18     0.05113
1970     19     0.07831
1970     20     0.09898
1970     21     0.11420
1970     22     0.12190
1970     23     0.12426
1970     24     0.12876
1970     25     0.12366
1970     26     0.12442
1970     27     0.11369
1970     28     0.10307
1970     29     0.09165
1970     30     0.08207
1970     31     0.07476
1970     32     0.06092
1970     33     0.05385
1970     34     0.04581
1970     35     0.04156
1970     36     0.03636
1970     37     0.03001
1970     38     0.02495
1970     39     0.02078
1970     40     0.01456
1970     41     0.01257
1970     42     0.00856
1970     43     0.00610
1970     44     0.00426
1970     45     0.00197
1970     46     0.00106
1970     47     0.00057
1970     48     0.00027
1970     49     0.00003
1970     50     0.00004
1970     51     0.00000
1970     52     0.00000
1970     53     0.00000
1970     54     0.00000
1970     55+    0.00000
1971     12-    0.00000
1971     13     0.00000
1971     14     0.00017
1971     15     0.00095
1971     16     0.00646
1971     17     0.02045
1971     18     0.04949
1971     19     0.07120
1971     20     0.09144
1971     21     0.10712
1971     22     0.11143
1971     23     0.12029
1971     24     0.12448
1971     25     0.12275
1971     26     0.11672
1971     27     0.10611
1971     28     0.09911
1971     29     0.08387
1971     30     0.07899
1971     31     0.06785
1971     32     0.05561
1971     33     0.04704
1971     34     0.03861
1971     35     0.03554
1971     36     0.03002
1971     37     0.02459
1971     38     0.01953
1971     39     0.01619
1971     40     0.01288
1971     41     0.00921
1971     42     0.00651
1971     43     0.00429
1971     44     0.00273
1971     45     0.00169
1971     46     0.00072
1971     47     0.00040
1971     48     0.00007
1971     49     0.00000
1971     50     0.00000
1971     51     0.00000
1971     52     0.00000
1971     53     0.00000
1971     54     0.00000
1971     55+    0.00000
1972     12-    0.00000
1972     13     0.00000
1972     14     0.00010
1972     15     0.00127
1972     16     0.00627
1972     17     0.02168
1972     18     0.04350
1972     19     0.06949
1972     20     0.08330
1972     21     0.09676
1972     22     0.10951
1972     23     0.11359
1972     24     0.11686
1972     25     0.11944
1972     26     0.11211
1972     27     0.10318
1972     28     0.09208
1972     29     0.07927
1972     30     0.07109
1972     31     0.06198
1972     32     0.05245
1972     33     0.04292
1972     34     0.03670
1972     35     0.03076
1972     36     0.02589
1972     37     0.02105
1972     38     0.01796
1972     39     0.01372
1972     40     0.01204
1972     41     0.00807
1972     42     0.00513
1972     43     0.00368
1972     44     0.00218
1972     45     0.00104
1972     46     0.00088
1972     47     0.00034
1972     48     0.00010
1972     49     0.00010
1972     50     0.00000
1972     51     0.00000
1972     52     0.00000
1972     53     0.00000
1972     54     0.00000
1972     55+    0.00000
1973     12-    0.00000
1973     13     0.00000
1973     14     0.00024
1973     15     0.00134
1973     16     0.00618
1973     17     0.01943
1973     18     0.04242
1973     19     0.05974
1973     20     0.07399
1973     21     0.08869
1973     22     0.10023
1973     23     0.10467
1973     24     0.11295
1973     25     0.11095
1973     26     0.10969
1973     27     0.09970
1973     28     0.08623
1973     29     0.07811
1973     30     0.07131
1973     31     0.05912
1973     32     0.04839
1973     33     0.04151
1973     34     0.03752
1973     35     0.03170
1973     36     0.02590
1973     37     0.02012
1973     38     0.01701
1973     39     0.01300
1973     40     0.01000
1973     41     0.00789
1973     42     0.00503
1973     43     0.00345
1973     44     0.00275
1973     45     0.00140
1973     46     0.00062
1973     47     0.00020
1973     48     0.00007
1973     49     0.00000
1973     50     0.00003
1973     51     0.00000
1973     52     0.00000
1973     53     0.00000
1973     54     0.00000
1973     55+    0.00000
1974     12-    0.00000
1974     13     0.00000
1974     14     0.00013
1974     15     0.00164
1974     16     0.00658
1974     17     0.02099
1974     18     0.04169
1974     19     0.06209
1974     20     0.07742
1974     21     0.09382
1974     22     0.10780
1974     23     0.11494
1974     24     0.12492
1974     25     0.12229
1974     26     0.11675
1974     27     0.10922
1974     28     0.09700
1974     29     0.08706
1974     30     0.07815
1974     31     0.06590
1974     32     0.05421
1974     33     0.04555
1974     34     0.03873
1974     35     0.03346
1974     36     0.02699
1974     37     0.02180
1974     38     0.01811
1974     39     0.01361
1974     40     0.01156
1974     41     0.00761
1974     42     0.00453
1974     43     0.00400
1974     44     0.00195
1974     45     0.00123
1974     46     0.00079
1974     47     0.00031
1974     48     0.00010
1974     49     0.00010
1974     50     0.00000
1974     51     0.00000
1974     52     0.00000
1974     53     0.00000
1974     54     0.00000
1974     55+    0.00000
1975     12-    0.00000
1975     13     0.00003
1975     14     0.00024
1975     15     0.00169
1975     16     0.00709
1975     17     0.02137
1975     18     0.04151
1975     19     0.06272
1975     20     0.07998
1975     21     0.09554
1975     22     0.10789
1975     23     0.12011
1975     24     0.12409
1975     25     0.12699
1975     26     0.12092
1975     27     0.11675
1975     28     0.10527
1975     29     0.09224
1975     30     0.08327
1975     31     0.07015
1975     32     0.05884
1975     33     0.04780
1975     34     0.04370
1975     35     0.03616
1975     36     0.02898
1975     37     0.02319
1975     38     0.01753
1975     39     0.01465
1975     40     0.01055
1975     41     0.00783
1975     42     0.00541
1975     43     0.00377
1975     44     0.00249
1975     45     0.00104
1975     46     0.00067
1975     47     0.00031
1975     48     0.00003
1975     49     0.00000
1975     50     0.00000
1975     51     0.00000
1975     52     0.00000
1975     53     0.00000
1975     54     0.00000
1975     55+    0.00000
1976     12-    0.00000
1976     13     0.00003
1976     14     0.00013
1976     15     0.00121
1976     16     0.00599
1976     17     0.02074
1976     18     0.03915
1976     19     0.06193
1976     20     0.07904
1976     21     0.09351
1976     22     0.10514
1976     23     0.11801
1976     24     0.12304
1976     25     0.12832
1976     26     0.12745
1976     27     0.12103
1976     28     0.10771
1976     29     0.09873
1976     30     0.08477
1976     31     0.07427
1976     32     0.06150
1976     33     0.05355
1976     34     0.04293
1976     35     0.03698
1976     36     0.02971
1976     37     0.02430
1976     38     0.01821
1976     39     0.01568
1976     40     0.01068
1976     41     0.00793
1976     42     0.00494
1976     43     0.00290
1976     44     0.00182
1976     45     0.00104
1976     46     0.00098
1976     47     0.00023
1976     48     0.00010
1976     49     0.00003
1976     50     0.00000
1976     51     0.00000
1976     52     0.00000
1976     53     0.00000
1976     54     0.00000
1976     55+    0.00000
1977     12-    0.00000
1977     13     0.00003
1977     14     0.00005
1977     15     0.00113
1977     16     0.00602
1977     17     0.01829
1977     18     0.03712
1977     19     0.05868
1977     20     0.07316
1977     21     0.08836
1977     22     0.10001
1977     23     0.11040
1977     24     0.12379
1977     25     0.12981
1977     26     0.12299
1977     27     0.11721
1977     28     0.10954
1977     29     0.09895
1977     30     0.08792
1977     31     0.07346
1977     32     0.06344
1977     33     0.05334
1977     34     0.04724
1977     35     0.03724
1977     36     0.03059
1977     37     0.02612
1977     38     0.01825
1977     39     0.01508
1977     40     0.01097
1977     41     0.00747
1977     42     0.00563
1977     43     0.00307
1977     44     0.00195
1977     45     0.00109
1977     46     0.00056
1977     47     0.00034
1977     48     0.00013
1977     49     0.00003
1977     50     0.00000
1977     51     0.00000
1977     52     0.00000
1977     53     0.00000
1977     54     0.00000
1977     55+    0.00000
1978     12-    0.00000
1978     13     0.00003
1978     14     0.00021
1978     15     0.00097
1978     16     0.00493
1978     17     0.01632
1978     18     0.03271
1978     19     0.05225
1978     20     0.06976
1978     21     0.08260
1978     22     0.09578
1978     23     0.10968
1978     24     0.11877
1978     25     0.12181
1978     26     0.12234
1978     27     0.11428
1978     28     0.11102
1978     29     0.09991
1978     30     0.08495
1978     31     0.07684
1978     32     0.06524
1978     33     0.05554
1978     34     0.04430
1978     35     0.04013
1978     36     0.03104
1978     37     0.02530
1978     38     0.02075
1978     39     0.01628
1978     40     0.01102
1978     41     0.00785
1978     42     0.00467
1978     43     0.00266
1978     44     0.00166
1978     45     0.00084
1978     46     0.00055
1978     47     0.00017
1978     48     0.00007
1978     49     0.00007
1978     50     0.00003
1978     51     0.00000
1978     52     0.00000
1978     53     0.00000
1978     54     0.00000
1978     55+    0.00000
1979     12-    0.00000
1979     13     0.00003
1979     14     0.00003
1979     15     0.00101
1979     16     0.00409
1979     17     0.01442
1979     18     0.02846
1979     19     0.04841
1979     20     0.06432
1979     21     0.08057
1979     22     0.09334
1979     23     0.11077
1979     24     0.11719
1979     25     0.12506
1979     26     0.11869
1979     27     0.11513
1979     28     0.10946
1979     29     0.09858
1979     30     0.08783
1979     31     0.07750
1979     32     0.06736
1979     33     0.05587
1979     34     0.04709
1979     35     0.03824
1979     36     0.03453
1979     37     0.02724
1979     38     0.02067
1979     39     0.01690
1979     40     0.01316
1979     41     0.00850
1979     42     0.00424
1979     43     0.00351
1979     44     0.00192
1979     45     0.00081
1979     46     0.00031
1979     47     0.00033
1979     48     0.00014
1979     49     0.00010
1979     50     0.00000
1979     51     0.00000
1979     52     0.00000
1979     53     0.00000
1979     54     0.00000
1979     55+    0.00000
1980     12-    0.00000
1980     13     0.00000
1980     14     0.00003
1980     15     0.00097
1980     16     0.00420
1980     17     0.01263
1980     18     0.02964
1980     19     0.04706
1980     20     0.06499
1980     21     0.07912
1980     22     0.09261
1980     23     0.10798
1980     24     0.11126
1980     25     0.12258
1980     26     0.12328
1980     27     0.12018
1980     28     0.10920
1980     29     0.09895
1980     30     0.08794
1980     31     0.07658
1980     32     0.06661
1980     33     0.05710
1980     34     0.04838
1980     35     0.04012
1980     36     0.03254
1980     37     0.02593
1980     38     0.02239
1980     39     0.01708
1980     40     0.01129
1980     41     0.00837
1980     42     0.00534
1980     43     0.00367
1980     44     0.00212
1980     45     0.00100
1980     46     0.00054
1980     47     0.00015
1980     48     0.00004
1980     49     0.00000
1980     50     0.00000
1980     51     0.00000
1980     52     0.00000
1980     53     0.00000
1980     54     0.00000
1980     55+    0.00000
1981     12-    0.00000
1981     13     0.00000
1981     14     0.00025
1981     15     0.00055
1981     16     0.00447
1981     17     0.01117
1981     18     0.02524
1981     19     0.04242
1981     20     0.06012
1981     21     0.07556
1981     22     0.08932
1981     23     0.10298
1981     24     0.11582
1981     25     0.12410
1981     26     0.12877
1981     27     0.12117
1981     28     0.11339
1981     29     0.10466
1981     30     0.09185
1981     31     0.08017
1981     32     0.06939
1981     33     0.05876
1981     34     0.05002
1981     35     0.04127
1981     36     0.03374
1981     37     0.02768
1981     38     0.02245
1981     39     0.01750
1981     40     0.01233
1981     41     0.00737
1981     42     0.00509
1981     43     0.00338
1981     44     0.00176
1981     45     0.00128
1981     46     0.00033
1981     47     0.00023
1981     48     0.00004
1981     49     0.00000
1981     50     0.00000
1981     51     0.00000
1981     52     0.00000
1981     53     0.00000
1981     54     0.00000
1981     55+    0.00000
1982     12-    0.00000
1982     13     0.00000
1982     14     0.00011
1982     15     0.00069
1982     16     0.00382
1982     17     0.01125
1982     18     0.02376
1982     19     0.04393
1982     20     0.05961
1982     21     0.07454
1982     22     0.09248
1982     23     0.10686
1982     24     0.12172
1982     25     0.13073
1982     26     0.13106
1982     27     0.12822
1982     28     0.12347
1982     29     0.10952
1982     30     0.09920
1982     31     0.08355
1982     32     0.07414
1982     33     0.06178
1982     34     0.05307
1982     35     0.04301
1982     36     0.03622
1982     37     0.02738
1982     38     0.02151
1982     39     0.01741
1982     40     0.01334
1982     41     0.00889
1982     42     0.00581
1982     43     0.00393
1982     44     0.00221
1982     45     0.00110
1982     46     0.00055
1982     47     0.00019
1982     48     0.00004
1982     49     0.00004
1982     50     0.00000
1982     51     0.00000
1982     52     0.00000
1982     53     0.00000
1982     54     0.00000
1982     55+    0.00000
1983     12-    0.00000
1983     13     0.00000
1983     14     0.00015
1983     15     0.00082
1983     16     0.00339
1983     17     0.01088
1983     18     0.02285
1983     19     0.03897
1983     20     0.05879
1983     21     0.07217
1983     22     0.08447
1983     23     0.10076
1983     24     0.12105
1983     25     0.13099
1983     26     0.13651
1983     27     0.13102
1983     28     0.12063
1983     29     0.11540
1983     30     0.10084
1983     31     0.09287
1983     32     0.07710
1983     33     0.06614
1983     34     0.05541
1983     35     0.04571
1983     36     0.03987
1983     37     0.03145
1983     38     0.02336
1983     39     0.01892
1983     40     0.01361
1983     41     0.00948
1983     42     0.00527
1983     43     0.00384
1983     44     0.00163
1983     45     0.00100
1983     46     0.00059
1983     47     0.00037
1983     48     0.00011
1983     49     0.00008
1983     50     0.00000
1983     51     0.00000
1983     52     0.00000
1983     53     0.00000
1983     54     0.00000
1983     55+    0.00000
1984     12-    0.00000
1984     13     0.00000
1984     14     0.00006
1984     15     0.00057
1984     16     0.00324
1984     17     0.01026
1984     18     0.02130
1984     19     0.03839
1984     20     0.05245
1984     21     0.06720
1984     22     0.08067
1984     23     0.09521
1984     24     0.11462
1984     25     0.12470
1984     26     0.12726
1984     27     0.12849
1984     28     0.12360
1984     29     0.11413
1984     30     0.10339
1984     31     0.08742
1984     32     0.08008
1984     33     0.06701
1984     34     0.05575
1984     35     0.04813
1984     36     0.03860
1984     37     0.03249
1984     38     0.02485
1984     39     0.01802
1984     40     0.01425
1984     41     0.00884
1984     42     0.00591
1984     43     0.00359
1984     44     0.00207
1984     45     0.00107
1984     46     0.00045
1984     47     0.00018
1984     48     0.00000
1984     49     0.00000
1984     50     0.00000
1984     51     0.00000
1984     52     0.00000
1984     53     0.00000
1984     54     0.00000
1984     55+    0.00000
1985     12-    0.00000
1985     13     0.00003
1985     14     0.00010
1985     15     0.00080
1985     16     0.00283
1985     17     0.00930
1985     18     0.01766
1985     19     0.03562
1985     20     0.04816
1985     21     0.06299
1985     22     0.07380
1985     23     0.09018
1985     24     0.10657
1985     25     0.11926
1985     26     0.12606
1985     27     0.12747
1985     28     0.12300
1985     29     0.11262
1985     30     0.10200
1985     31     0.08641
1985     32     0.07661
1985     33     0.06693
1985     34     0.05613
1985     35     0.04771
1985     36     0.04044
1985     37     0.03117
1985     38     0.02444
1985     39     0.01869
1985     40     0.01401
1985     41     0.00833
1985     42     0.00618
1985     43     0.00368
1985     44     0.00185
1985     45     0.00107
1985     46     0.00037
1985     47     0.00010
1985     48     0.00007
1985     49     0.00000
1985     50     0.00000
1985     51     0.00000
1985     52     0.00000
1985     53     0.00000
1985     54     0.00000
1985     55+    0.00000
1986     12-    0.00000
1986     13     0.00000
1986     14     0.00010
1986     15     0.00049
1986     16     0.00288
1986     17     0.00831
1986     18     0.01787
1986     19     0.03140
1986     20     0.04659
1986     21     0.05455
1986     22     0.06976
1986     23     0.08251
1986     24     0.10072
1986     25     0.11419
1986     26     0.12317
1986     27     0.12604
1986     28     0.12240
1986     29     0.11456
1986     30     0.10212
1986     31     0.08974
1986     32     0.07805
1986     33     0.06517
1986     34     0.05506
1986     35     0.04698
1986     36     0.03818
1986     37     0.02975
1986     38     0.02349
1986     39     0.01881
1986     40     0.01170
1986     41     0.00875
1986     42     0.00590
1986     43     0.00362
1986     44     0.00207
1986     45     0.00098
1986     46     0.00057
1986     47     0.00020
1986     48     0.00007
1986     49     0.00000
1986     50     0.00004
1986     51     0.00000
1986     52     0.00000
1986     53     0.00000
1986     54     0.00000
1986     55+    0.00000
1987     12-    0.00000
1987     13     0.00003
1987     14     0.00007
1987     15     0.00075
1987     16     0.00204
1987     17     0.00832
1987     18     0.01689
1987     19     0.02889
1987     20     0.04150
1987     21     0.05417
1987     22     0.06517
1987     23     0.07982
1987     24     0.09695
1987     25     0.11170
1987     26     0.12337
1987     27     0.12555
1987     28     0.12221
1987     29     0.11293
1987     30     0.10687
1987     31     0.09255
1987     32     0.07610
1987     33     0.06992
1987     34     0.05654
1987     35     0.04640
1987     36     0.03827
1987     37     0.03073
1987     38     0.02376
1987     39     0.01809
1987     40     0.01370
1987     41     0.00918
1987     42     0.00626
1987     43     0.00405
1987     44     0.00198
1987     45     0.00114
1987     46     0.00024
1987     47     0.00017
1987     48     0.00010
1987     49     0.00000
1987     50     0.00000
1987     51     0.00000
1987     52     0.00000
1987     53     0.00000
1987     54     0.00000
1987     55+    0.00000
1988     12-    0.00000
1988     13     0.00003
1988     14     0.00003
1988     15     0.00079
1988     16     0.00270
1988     17     0.00802
1988     18     0.01626
1988     19     0.03111
1988     20     0.04253
1988     21     0.05434
1988     22     0.06815
1988     23     0.08458
1988     24     0.10026
1988     25     0.11720
1988     26     0.13068
1988     27     0.13651
1988     28     0.13268
1988     29     0.12480
1988     30     0.11322
1988     31     0.10060
1988     32     0.08677
1988     33     0.07238
1988     34     0.06205
1988     35     0.05204
1988     36     0.04208
1988     37     0.03187
1988     38     0.02448
1988     39     0.01879
1988     40     0.01436
1988     41     0.00898
1988     42     0.00641
1988     43     0.00383
1988     44     0.00196
1988     45     0.00121
1988     46     0.00081
1988     47     0.00027
1988     48     0.00003
1988     49     0.00000
1988     50     0.00004
1988     51     0.00000
1988     52     0.00000
1988     53     0.00000
1988     54     0.00000
1988     55+    0.00000
1989     12-    0.00000
1989     13     0.00000
1989     14     0.00003
1989     15     0.00065
1989     16     0.00227
1989     17     0.00789
1989     18     0.01569
1989     19     0.03070
1989     20     0.04171
1989     21     0.05433
1989     22     0.06815
1989     23     0.08424
1989     24     0.09990
1989     25     0.12087
1989     26     0.12666
1989     27     0.13400
1989     28     0.13790
1989     29     0.12789
1989     30     0.11962
1989     31     0.10329
1989     32     0.08887
1989     33     0.07426
1989     34     0.06349
1989     35     0.05366
1989     36     0.03966
1989     37     0.03169
1989     38     0.02380
1989     39     0.01995
1989     40     0.01440
1989     41     0.00899
1989     42     0.00631
1989     43     0.00365
1989     44     0.00189
1989     45     0.00110
1989     46     0.00033
1989     47     0.00030
1989     48     0.00003
1989     49     0.00000
1989     50     0.00003
1989     51     0.00000
1989     52     0.00000
1989     53     0.00000
1989     54     0.00000
1989     55+    0.00000
1990     12-    0.00000
1990     13     0.00000
1990     14     0.00009
1990     15     0.00061
1990     16     0.00289
1990     17     0.00934
1990     18     0.01609
1990     19     0.03265
1990     20     0.04687
1990     21     0.05672
1990     22     0.06631
1990     23     0.08421
1990     24     0.09909
1990     25     0.11906
1990     26     0.13248
1990     27     0.13929
1990     28     0.14074
1990     29     0.13435
1990     30     0.12339
1990     31     0.11031
1990     32     0.09366
1990     33     0.07869
1990     34     0.06765
1990     35     0.05784
1990     36     0.04544
1990     37     0.03552
1990     38     0.02679
1990     39     0.02062
1990     40     0.01644
1990     41     0.00978
1990     42     0.00687
1990     43     0.00385
1990     44     0.00252
1990     45     0.00102
1990     46     0.00061
1990     47     0.00011
1990     48     0.00003
1990     49     0.00000
1990     50     0.00000
1990     51     0.00000
1990     52     0.00000
1990     53     0.00000
1990     54     0.00000
1990     55+    0.00000
1991     12-    0.00000
1991     13     0.00000
1991     14     0.00031
1991     15     0.00056
1991     16     0.00318
1991     17     0.00879
1991     18     0.01753
1991     19     0.03294
1991     20     0.04376
1991     21     0.05710
1991     22     0.06885
1991     23     0.08228
1991     24     0.10389
1991     25     0.12210
1991     26     0.13193
1991     27     0.13902
1991     28     0.13886
1991     29     0.13393
1991     30     0.12564
1991     31     0.11326
1991     32     0.09490
1991     33     0.08197
1991     34     0.06938
1991     35     0.05675
1991     36     0.04513
1991     37     0.03642
1991     38     0.02717
1991     39     0.02004
1991     40     0.01403
1991     41     0.01000
1991     42     0.00709
1991     43     0.00383
1991     44     0.00202
1991     45     0.00111
1991     46     0.00025
1991     47     0.00013
1991     48     0.00004
1991     49     0.00000
1991     50     0.00000
1991     51     0.00000
1991     52     0.00000
1991     53     0.00000
1991     54     0.00000
1991     55+    0.00000
1992     12-    0.00000
1992     13     0.00000
1992     14     0.00017
1992     15     0.00046
1992     16     0.00328
1992     17     0.00846
1992     18     0.01740
1992     19     0.03245
1992     20     0.04485
1992     21     0.05750
1992     22     0.07069
1992     23     0.08563
1992     24     0.10189
1992     25     0.11945
1992     26     0.13752
1992     27     0.14384
1992     28     0.14716
1992     29     0.13969
1992     30     0.12828
1992     31     0.11561
1992     32     0.10023
1992     33     0.08710
1992     34     0.07010
1992     35     0.05929
1992     36     0.04813
1992     37     0.03664
1992     38     0.02911
1992     39     0.02118
1992     40     0.01542
1992     41     0.01069
1992     42     0.00703
1992     43     0.00443
1992     44     0.00199
1992     45     0.00126
1992     46     0.00070
1992     47     0.00009
1992     48     0.00003
1992     49     0.00000
1992     50     0.00000
1992     51     0.00000
1992     52     0.00000
1992     53     0.00000
1992     54     0.00000
1992     55+    0.00000
1993     12-    0.00000
1993     13     0.00000
1993     14     0.00012
1993     15     0.00053
1993     16     0.00268
1993     17     0.00746
1993     18     0.01489
1993     19     0.02887
1993     20     0.04324
1993     21     0.05474
1993     22     0.06919
1993     23     0.08342
1993     24     0.10320
1993     25     0.11687
1993     26     0.13413
1993     27     0.14017
1993     28     0.14189
1993     29     0.13761
1993     30     0.13022
1993     31     0.11373
1993     32     0.10240
1993     33     0.08397
1993     34     0.07193
1993     35     0.05913
1993     36     0.04641
1993     37     0.03769
1993     38     0.02734
1993     39     0.02191
1993     40     0.01532
1993     41     0.00985
1993     42     0.00660
1993     43     0.00406
1993     44     0.00236
1993     45     0.00112
1993     46     0.00032
1993     47     0.00039
1993     48     0.00003
1993     49     0.00003
1993     50     0.00004
1993     51     0.00000
1993     52     0.00000
1993     53     0.00000
1993     54     0.00000
1993     55+    0.00000
1994     12-    0.00000
1994     13     0.00006
1994     14     0.00003
1994     15     0.00041
1994     16     0.00207
1994     17     0.00608
1994     18     0.01317
1994     19     0.02880
1994     20     0.04184
1994     21     0.05607
1994     22     0.06802
1994     23     0.08501
1994     24     0.10202
1994     25     0.12169
1994     26     0.13442
1994     27     0.13732
1994     28     0.14034
1994     29     0.14062
1994     30     0.13036
1994     31     0.12009
1994     32     0.10505
1994     33     0.09117
1994     34     0.07511
1994     35     0.06391
1994     36     0.05098
1994     37     0.03945
1994     38     0.02922
1994     39     0.02157
1994     40     0.01519
1994     41     0.00965
1994     42     0.00729
1994     43     0.00438
1994     44     0.00229
1994     45     0.00101
1994     46     0.00064
1994     47     0.00018
1994     48     0.00011
1994     49     0.00003
1994     50     0.00003
1994     51     0.00004
1994     52     0.00000
1994     53     0.00000
1994     54     0.00000
1994     55+    0.00000
1995     12-    0.00000
1995     13     0.00000
1995     14     0.00010
1995     15     0.00041
1995     16     0.00210
1995     17     0.00615
1995     18     0.01319
1995     19     0.02654
1995     20     0.03982
1995     21     0.05032
1995     22     0.06706
1995     23     0.08007
1995     24     0.09465
1995     25     0.11585
1995     26     0.12356
1995     27     0.13706
1995     28     0.13615
1995     29     0.13637
1995     30     0.12802
1995     31     0.12185
1995     32     0.10413
1995     33     0.09127
1995     34     0.07944
1995     35     0.06190
1995     36     0.05256
1995     37     0.04034
1995     38     0.02993
1995     39     0.02447
1995     40     0.01651
1995     41     0.01181
1995     42     0.00685
1995     43     0.00417
1995     44     0.00221
1995     45     0.00132
1995     46     0.00051
1995     47     0.00021
1995     48     0.00002
1995     49     0.00005
1995     50     0.00000
1995     51     0.00000
1995     52     0.00000
1995     53     0.00000
1995     54     0.00000
1995     55+    0.00000
1996     12-    0.00003
1996     13     0.00000
1996     14     0.00006
1996     15     0.00038
1996     16     0.00237
1996     17     0.00682
1996     18     0.01329
1996     19     0.02547
1996     20     0.03904
1996     21     0.05172
1996     22     0.06401
1996     23     0.07494
1996     24     0.09227
1996     25     0.10838
1996     26     0.12244
1996     27     0.12827
1996     28     0.13393
1996     29     0.13065
1996     30     0.12690
1996     31     0.11354
1996     32     0.10350
1996     33     0.08964
1996     34     0.07746
1996     35     0.06490
1996     36     0.05230
1996     37     0.04184
1996     38     0.03231
1996     39     0.02453
1996     40     0.01710
1996     41     0.01049
1996     42     0.00694
1996     43     0.00397
1996     44     0.00212
1996     45     0.00107
1996     46     0.00057
1996     47     0.00023
1996     48     0.00011
1996     49     0.00000
1996     50     0.00000
1996     51     0.00000
1996     52     0.00000
1996     53     0.00000
1996     54     0.00000
1996     55+    0.00000
1997     12-    0.00000
1997     13     0.00000
1997     14     0.00012
1997     15     0.00031
1997     16     0.00178
1997     17     0.00549
1997     18     0.01122
1997     19     0.02641
1997     20     0.03900
1997     21     0.04971
1997     22     0.05939
1997     23     0.07617
1997     24     0.09177
1997     25     0.10753
1997     26     0.11518
1997     27     0.12877
1997     28     0.13174
1997     29     0.13080
1997     30     0.12298
1997     31     0.11428
1997     32     0.10071
1997     33     0.09063
1997     34     0.07688
1997     35     0.06446
1997     36     0.05582
1997     37     0.04248
1997     38     0.03363
1997     39     0.02346
1997     40     0.01757
1997     41     0.01102
1997     42     0.00745
1997     43     0.00421
1997     44     0.00272
1997     45     0.00138
1997     46     0.00065
1997     47     0.00041
1997     48     0.00016
1997     49     0.00007
1997     50     0.00000
1997     51     0.00000
1997     52     0.00000
1997     53     0.00000
1997     54     0.00000
1997     55+    0.00000
1998     12-    0.00000
1998     13     0.00000
1998     14     0.00012
1998     15     0.00057
1998     16     0.00183
1998     17     0.00547
1998     18     0.01283
1998     19     0.02576
1998     20     0.03644
1998     21     0.04717
1998     22     0.05898
1998     23     0.07218
1998     24     0.08537
1998     25     0.09953
1998     26     0.11429
1998     27     0.12164
1998     28     0.12512
1998     29     0.12318
1998     30     0.12133
1998     31     0.11239
1998     32     0.10104
1998     33     0.09071
1998     34     0.07654
1998     35     0.06498
1998     36     0.05437
1998     37     0.04160
1998     38     0.03195
1998     39     0.02722
1998     40     0.01787
1998     41     0.01211
1998     42     0.00795
1998     43     0.00455
1998     44     0.00238
1998     45     0.00130
1998     46     0.00085
1998     47     0.00035
1998     48     0.00007
1998     49     0.00002
1998     50     0.00000
1998     51     0.00000
1998     52     0.00002
1998     53     0.00000
1998     54     0.00000
1998     55+    0.00000
1999     12-    0.00000
1999     13     0.00000
1999     14     0.00012
1999     15     0.00049
1999     16     0.00241
1999     17     0.00531
1999     18     0.01300
1999     19     0.02774
1999     20     0.03970
1999     21     0.04954
1999     22     0.06028
1999     23     0.07024
1999     24     0.08678
1999     25     0.09873
1999     26     0.11219
1999     27     0.12272
1999     28     0.12473
1999     29     0.12682
1999     30     0.12370
1999     31     0.11695
1999     32     0.10389
1999     33     0.09116
1999     34     0.07744
1999     35     0.06580
1999     36     0.05826
1999     37     0.04444
1999     38     0.03660
1999     39     0.02672
1999     40     0.01911
1999     41     0.01256
1999     42     0.00777
1999     43     0.00508
1999     44     0.00229
1999     45     0.00121
1999     46     0.00048
1999     47     0.00030
1999     48     0.00012
1999     49     0.00002
1999     50     0.00002
1999     51     0.00000
1999     52     0.00000
1999     53     0.00000
1999     54     0.00000
1999     55+    0.00000
2000     12-    0.00000
2000     13     0.00000
2000     14     0.00010
2000     15     0.00078
2000     16     0.00261
2000     17     0.00716
2000     18     0.01357
2000     19     0.02627
2000     20     0.04022
2000     21     0.04849
2000     22     0.05947
2000     23     0.07025
2000     24     0.08294
2000     25     0.09916
2000     26     0.11114
2000     27     0.12018
2000     28     0.12441
2000     29     0.12400
2000     30     0.12318
2000     31     0.11759
2000     32     0.10268
2000     33     0.09294
2000     34     0.08081
2000     35     0.06884
2000     36     0.05653
2000     37     0.04389
2000     38     0.03491
2000     39     0.02739
2000     40     0.01905
2000     41     0.01223
2000     42     0.00780
2000     43     0.00520
2000     44     0.00254
2000     45     0.00130
2000     46     0.00058
2000     47     0.00038
2000     48     0.00005
2000     49     0.00005
2000     50     0.00007
2000     51     0.00000
2000     52     0.00000
2000     53     0.00000
2000     54     0.00000
2000     55+    0.00000
2001     12-    0.00000
2001     13     0.00003
2001     14     0.00017
2001     15     0.00091
2001     16     0.00231
2001     17     0.00733
2001     18     0.01407
2001     19     0.02793
2001     20     0.03885
2001     21     0.04668
2001     22     0.05868
2001     23     0.07055
2001     24     0.08343
2001     25     0.09916
2001     26     0.10751
2001     27     0.11887
2001     28     0.12213
2001     29     0.12466
2001     30     0.11980
2001     31     0.11382
2001     32     0.10516
2001     33     0.09366
2001     34     0.08106
2001     35     0.07006
2001     36     0.05776
2001     37     0.04542
2001     38     0.03719
2001     39     0.02767
2001     40     0.01979
2001     41     0.01326
2001     42     0.00728
2001     43     0.00533
2001     44     0.00289
2001     45     0.00130
2001     46     0.00064
2001     47     0.00020
2001     48     0.00023
2001     49     0.00003
2001     50     0.00005
2001     51     0.00000
2001     52     0.00002
2001     53     0.00000
2001     54     0.00000
2001     55+    0.00000
2002     12-    0.00000
2002     13     0.00000
2002     14     0.00010
2002     15     0.00077
2002     16     0.00239
2002     17     0.00800
2002     18     0.01442
2002     19     0.02865
2002     20     0.03894
2002     21     0.04761
2002     22     0.05513
2002     23     0.06570
2002     24     0.07892
2002     25     0.09726
2002     26     0.10607
2002     27     0.11375
2002     28     0.12357
2002     29     0.12462
2002     30     0.12707
2002     31     0.11261
2002     32     0.10330
2002     33     0.09480
2002     34     0.08130
2002     35     0.07168
2002     36     0.05745
2002     37     0.04614
2002     38     0.03646
2002     39     0.02906
2002     40     0.01961
2002     41     0.01367
2002     42     0.00805
2002     43     0.00506
2002     44     0.00278
2002     45     0.00133
2002     46     0.00110
2002     47     0.00028
2002     48     0.00020
2002     49     0.00010
2002     50     0.00000
2002     51     0.00000
2002     52     0.00000
2002     53     0.00000
2002     54     0.00000
2002     55+    0.00000
2003     12-    0.00000
2003     13     0.00003
2003     14     0.00010
2003     15     0.00058
2003     16     0.00227
2003     17     0.00704
2003     18     0.01397
2003     19     0.02648
2003     20     0.03912
2003     21     0.04595
2003     22     0.05602
2003     23     0.06560
2003     24     0.07863
2003     25     0.09450
2003     26     0.10766
2003     27     0.12182
2003     28     0.12594
2003     29     0.12871
2003     30     0.12658
2003     31     0.12476
2003     32     0.10821
2003     33     0.09721
2003     34     0.08394
2003     35     0.07360
2003     36     0.06087
2003     37     0.04773
2003     38     0.03631
2003     39     0.02947
2003     40     0.02130
2003     41     0.01430
2003     42     0.00938
2003     43     0.00552
2003     44     0.00315
2003     45     0.00161
2003     46     0.00070
2003     47     0.00023
2003     48     0.00003
2003     49     0.00003
2003     50     0.00005
2003     51     0.00003
2003     52     0.00000
2003     53     0.00000
2003     54     0.00000
2003     55+    0.00000
2004     12-    0.00000
2004     13     0.00000
2004     14     0.00012
2004     15     0.00067
2004     16     0.00196
2004     17     0.00756
2004     18     0.01363
2004     19     0.02872
2004     20     0.04001
2004     21     0.04889
2004     22     0.05835
2004     23     0.06379
2004     24     0.08021
2004     25     0.09035
2004     26     0.10927
2004     27     0.11941
2004     28     0.12874
2004     29     0.13209
2004     30     0.13012
2004     31     0.12321
2004     32     0.11499
2004     33     0.10191
2004     34     0.09059
2004     35     0.07614
2004     36     0.06311
2004     37     0.04950
2004     38     0.03940
2004     39     0.02939
2004     40     0.02255
2004     41     0.01503
2004     42     0.00987
2004     43     0.00508
2004     44     0.00249
2004     45     0.00155
2004     46     0.00072
2004     47     0.00031
2004     48     0.00013
2004     49     0.00005
2004     50     0.00010
2004     51     0.00000
2004     52     0.00000
2004     53     0.00000
2004     54     0.00000
2004     55+    0.00000
2005     12-    0.00000
2005     13     0.00000
2005     14     0.00015
2005     15     0.00062
2005     16     0.00225
2005     17     0.00593
2005     18     0.01356
2005     19     0.02961
2005     20     0.03968
2005     21     0.04913
2005     22     0.05800
2005     23     0.06519
2005     24     0.07557
2005     25     0.08787
2005     26     0.10736
2005     27     0.12060
2005     28     0.12822
2005     29     0.13616
2005     30     0.13060
2005     31     0.12684
2005     32     0.11666
2005     33     0.10117
2005     34     0.08962
2005     35     0.07485
2005     36     0.06598
2005     37     0.05152
2005     38     0.03861
2005     39     0.03037
2005     40     0.02181
2005     41     0.01435
2005     42     0.00929
2005     43     0.00599
2005     44     0.00234
2005     45     0.00152
2005     46     0.00098
2005     47     0.00021
2005     48     0.00013
2005     49     0.00013
2005     50     0.00000
2005     51     0.00000
2005     52     0.00000
2005     53     0.00000
2005     54     0.00000
2005     55+    0.00000
2006     12-    0.00000
2006     13     0.00000
2006     14     0.00009
2006     15     0.00018
2006     16     0.00235
2006     17     0.00635
2006     18     0.01176
2006     19     0.02794
2006     20     0.03886
2006     21     0.04877
2006     22     0.05728
2006     23     0.06616
2006     24     0.07955
2006     25     0.09391
2006     26     0.10910
2006     27     0.11707
2006     28     0.12813
2006     29     0.13564
2006     30     0.13407
2006     31     0.12918
2006     32     0.12174
2006     33     0.10652
2006     34     0.09469
2006     35     0.07964
2006     36     0.06492
2006     37     0.05280
2006     38     0.04258
2006     39     0.02997
2006     40     0.02239
2006     41     0.01528
2006     42     0.00929
2006     43     0.00522
2006     44     0.00307
2006     45     0.00148
2006     46     0.00051
2006     47     0.00025
2006     48     0.00005
2006     49     0.00000
2006     50     0.00000
2006     51     0.00000
2006     52     0.00010
2006     53     0.00000
2006     54     0.00000
2006     55+    0.00000
2007     12-    0.00000
2007     13     0.00000
2007     14     0.00006
2007     15     0.00040
2007     16     0.00189
2007     17     0.00595
2007     18     0.01118
2007     19     0.02708
2007     20     0.03792
2007     21     0.04969
2007     22     0.05712
2007     23     0.06776
2007     24     0.07860
2007     25     0.09103
2007     26     0.10712
2007     27     0.11685
2007     28     0.12543
2007     29     0.13518
2007     30     0.13077
2007     31     0.12917
2007     32     0.11817
2007     33     0.10904
2007     34     0.09422
2007     35     0.08320
2007     36     0.06728
2007     37     0.05218
2007     38     0.04197
2007     39     0.03008
2007     40     0.02371
2007     41     0.01514
2007     42     0.01008
2007     43     0.00565
2007     44     0.00278
2007     45     0.00139
2007     46     0.00075
2007     47     0.00032
2007     48     0.00014
2007     49     0.00003
2007     50     0.00008
2007     51     0.00000
2007     52     0.00000
2007     53     0.00000
2007     54     0.00000
2007     55+    0.00000
2008     12-    0.00000
2008     13     0.00000
2008     14     0.00012
2008     15     0.00030
2008     16     0.00137
2008     17     0.00530
2008     18     0.01124
2008     19     0.02548
2008     20     0.03845
2008     21     0.05010
2008     22     0.05671
2008     23     0.06823
2008     24     0.07905
2008     25     0.09098
2008     26     0.10497
2008     27     0.11691
2008     28     0.12839
2008     29     0.13240
2008     30     0.13501
2008     31     0.12954
2008     32     0.12169
2008     33     0.10889
2008     34     0.09729
2008     35     0.08339
2008     36     0.06835
2008     37     0.05505
2008     38     0.04387
2008     39     0.03315
2008     40     0.02392
2008     41     0.01500
2008     42     0.00913
2008     43     0.00640
2008     44     0.00310
2008     45     0.00141
2008     46     0.00085
2008     47     0.00032
2008     48     0.00005
2008     49     0.00011
2008     50     0.00003
2008     51     0.00005
2008     52     0.00000
2008     53     0.00000
2008     54     0.00000
2008     55+    0.00000
2009     12-    0.00000
2009     13     0.00000
2009     14     0.00012
2009     15     0.00056
2009     16     0.00154
2009     17     0.00412
2009     18     0.01121
2009     19     0.02493
2009     20     0.03782
2009     21     0.04887
2009     22     0.06027
2009     23     0.06988
2009     24     0.07973
2009     25     0.09327
2009     26     0.10737
2009     27     0.12030
2009     28     0.12737
2009     29     0.13172
2009     30     0.13123
2009     31     0.13155
2009     32     0.12149
2009     33     0.11306
2009     34     0.09909
2009     35     0.08443
2009     36     0.07222
2009     37     0.05469
2009     38     0.04139
2009     39     0.03335
2009     40     0.02487
2009     41     0.01670
2009     42     0.00951
2009     43     0.00665
2009     44     0.00305
2009     45     0.00120
2009     46     0.00048
2009     47     0.00029
2009     48     0.00008
2009     49     0.00005
2009     50     0.00003
2009     51     0.00000
2009     52     0.00000
2009     53     0.00005
2009     54     0.00000
2009     55+    0.00000
2010     12-    0.00000
2010     13     0.00003
2010     14     0.00007
2010     15     0.00031
2010     16     0.00164
2010     17     0.00480
2010     18     0.01007
2010     19     0.02494
2010     20     0.03694
2010     21     0.04677
2010     22     0.05972
2010     23     0.06531
2010     24     0.07781
2010     25     0.09419
2010     26     0.10722
2010     27     0.11851
2010     28     0.13054
2010     29     0.13424
2010     30     0.13564
2010     31     0.13361
2010     32     0.12415
2010     33     0.11164
2010     34     0.09625
2010     35     0.08335
2010     36     0.07397
2010     37     0.05507
2010     38     0.04582
2010     39     0.03449
2010     40     0.02474
2010     41     0.01611
2010     42     0.01047
2010     43     0.00522
2010     44     0.00313
2010     45     0.00140
2010     46     0.00106
2010     47     0.00043
2010     48     0.00027
2010     49     0.00003
2010     50     0.00008
2010     51     0.00000
2010     52     0.00005
2010     53     0.00000
2010     54     0.00000
2010     55+    0.00000
2011     12-    0.00000
2011     13     0.00003
2011     14     0.00003
2011     15     0.00036
2011     16     0.00167
2011     17     0.00328
2011     18     0.00966
2011     19     0.02274
2011     20     0.03573
2011     21     0.04468
2011     22     0.05403
2011     23     0.06229
2011     24     0.07894
2011     25     0.09042
2011     26     0.10363
2011     27     0.11260
2011     28     0.12587
2011     29     0.13119
2011     30     0.13077
2011     31     0.13024
2011     32     0.12266
2011     33     0.10902
2011     34     0.09990
2011     35     0.08715
2011     36     0.06792
2011     37     0.05660
2011     38     0.04597
2011     39     0.03335
2011     40     0.02588
2011     41     0.01664
2011     42     0.01013
2011     43     0.00670
2011     44     0.00331
2011     45     0.00187
2011     46     0.00097
2011     47     0.00032
2011     48     0.00021
2011     49     0.00003
2011     50     0.00003
2011     51     0.00000
2011     52     0.00005
2011     53     0.00000
2011     54     0.00000
2011     55+    0.00000
2012     12-    0.00000
2012     13     0.00000
2012     14     0.00014
2012     15     0.00030
2012     16     0.00117
2012     17     0.00464
2012     18     0.00889
2012     19     0.02122
2012     20     0.03317
2012     21     0.04428
2012     22     0.05471
2012     23     0.06152
2012     24     0.07542
2012     25     0.08843
2012     26     0.10139
2012     27     0.11551
2012     28     0.12199
2012     29     0.12472
2012     30     0.12391
2012     31     0.12709
2012     32     0.11901
2012     33     0.11082
2012     34     0.09965
2012     35     0.08430
2012     36     0.07243
2012     37     0.05839
2012     38     0.04560
2012     39     0.03342
2012     40     0.02651
2012     41     0.01693
2012     42     0.01181
2012     43     0.00648
2012     44     0.00306
2012     45     0.00188
2012     46     0.00074
2012     47     0.00035
2012     48     0.00043
2012     49     0.00011
2012     50     0.00008
2012     51     0.00003
2012     52     0.00003
2012     53     0.00000
2012     54     0.00000
2012     55+    0.00000
2013     12-    0.00000
2013     13     0.00000
2013     14     0.00010
2013     15     0.00021
2013     16     0.00139
2013     17     0.00412
2013     18     0.00889
2013     19     0.02068
2013     20     0.03058
2013     21     0.04091
2013     22     0.05034
2013     23     0.06128
2013     24     0.07063
2013     25     0.08391
2013     26     0.09281
2013     27     0.10680
2013     28     0.11755
2013     29     0.12574
2013     30     0.12811
2013     31     0.12462
2013     32     0.11508
2013     33     0.10810
2013     34     0.09532
2013     35     0.08417
2013     36     0.07130
2013     37     0.05900
2013     38     0.04461
2013     39     0.03353
2013     40     0.02674
2013     41     0.01669
2013     42     0.01042
2013     43     0.00707
2013     44     0.00368
2013     45     0.00133
2013     46     0.00096
2013     47     0.00052
2013     48     0.00013
2013     49     0.00003
2013     50     0.00008
2013     51     0.00003
2013     52     0.00000
2013     53     0.00000
2013     54     0.00000
2013     55+    0.00000
2014     12-    0.00000
2014     13     0.00000
2014     14     0.00003
2014     15     0.00048
2014     16     0.00125
2014     17     0.00373
2014     18     0.00800
2014     19     0.02116
2014     20     0.03089
2014     21     0.04067
2014     22     0.04808
2014     23     0.05748
2014     24     0.06934
2014     25     0.08100
2014     26     0.09459
2014     27     0.10604
2014     28     0.11581
2014     29     0.12116
2014     30     0.12086
2014     31     0.11956
2014     32     0.11503
2014     33     0.10488
2014     34     0.09420
2014     35     0.08477
2014     36     0.07177
2014     37     0.05552
2014     38     0.04322
2014     39     0.03430
2014     40     0.02551
2014     41     0.01649
2014     42     0.01131
2014     43     0.00575
2014     44     0.00356
2014     45     0.00264
2014     46     0.00072
2014     47     0.00039
2014     48     0.00008
2014     49     0.00016
2014     50     0.00003
2014     51     0.00005
2014     52     0.00005
2014     53     0.00000
2014     54     0.00000
2014     55+    0.00003
2015     12-    0.00000
2015     13     0.00000
2015     14     0.00021
2015     15     0.00021
2015     16     0.00119
2015     17     0.00412
2015     18     0.00686
2015     19     0.01759
2015     20     0.02768
2015     21     0.03622
2015     22     0.04664
2015     23     0.05407
2015     24     0.06570
2015     25     0.07841
2015     26     0.08971
2015     27     0.10177
2015     28     0.10952
2015     29     0.11171
2015     30     0.12092
2015     31     0.12028
2015     32     0.11072
2015     33     0.10395
2015     34     0.09286
2015     35     0.08202
2015     36     0.06799
2015     37     0.05729
2015     38     0.04300
2015     39     0.03509
2015     40     0.02429
2015     41     0.01535
2015     42     0.01082
2015     43     0.00649
2015     44     0.00338
2015     45     0.00173
2015     46     0.00100
2015     47     0.00039
2015     48     0.00025
2015     49     0.00003
2015     50     0.00008
2015     51     0.00000
2015     52     0.00000
2015     53     0.00000
2015     54     0.00000
2015     55+    0.00000
2016     12-    0.00000
2016     13     0.00000
2016     14     0.00004
2016     15     0.00056
2016     16     0.00104
2016     17     0.00327
2016     18     0.00641
2016     19     0.01561
2016     20     0.02509
2016     21     0.03437
2016     22     0.03951
2016     23     0.05178
2016     24     0.06343
2016     25     0.07092
2016     26     0.08331
2016     27     0.09436
2016     28     0.10299
2016     29     0.11139
2016     30     0.11021
2016     31     0.11374
2016     32     0.10294
2016     33     0.09661
2016     34     0.08733
2016     35     0.07780
2016     36     0.06833
2016     37     0.05286
2016     38     0.04609
2016     39     0.03450
2016     40     0.02523
2016     41     0.01975
2016     42     0.01238
2016     43     0.00785
2016     44     0.00336
2016     45     0.00224
2016     46     0.00090
2016     47     0.00050
2016     48     0.00022
2016     49     0.00017
2016     50     0.00016
2016     51     0.00005
2016     52     0.00003
2016     53     0.00000
2016     54     0.00005
2016     55+    0.00000
2017     12-    0.00000
2017     13     0.00000
2017     14     0.00000
2017     15     0.00018
2017     16     0.00101
2017     17     0.00228
2017     18     0.00633
2017     19     0.01420
2017     20     0.02279
2017     21     0.03042
2017     22     0.03881
2017     23     0.04793
2017     24     0.05450
2017     25     0.06838
2017     26     0.07684
2017     27     0.08605
2017     28     0.09752
2017     29     0.10342
2017     30     0.10555
2017     31     0.11092
2017     32     0.10125
2017     33     0.09763
2017     34     0.08471
2017     35     0.07368
2017     36     0.06602
2017     37     0.05309
2017     38     0.04397
2017     39     0.03295
2017     40     0.02415
2017     41     0.01759
2017     42     0.01181
2017     43     0.00723
2017     44     0.00394
2017     45     0.00212
2017     46     0.00114
2017     47     0.00071
2017     48     0.00009
2017     49     0.00011
2017     50     0.00019
2017     51     0.00008
2017     52     0.00003
2017     53     0.00003
2017     54     0.00003
2017     55+    0.00003
2018     12-    0.00000
2018     13     0.00000
2018     14     0.00000
2018     15     0.00031
2018     16     0.00082
2018     17     0.00265
2018     18     0.00565
2018     19     0.01197
2018     20     0.02069
2018     21     0.02852
2018     22     0.03421
2018     23     0.04245
2018     24     0.05238
2018     25     0.06274
2018     26     0.07281
2018     27     0.07969
2018     28     0.09116
2018     29     0.09655
2018     30     0.10342
2018     31     0.10385
2018     32     0.09681
2018     33     0.08766
2018     34     0.08212
2018     35     0.07345
2018     36     0.06294
2018     37     0.05222
2018     38     0.04215
2018     39     0.03359
2018     40     0.02417
2018     41     0.01635
2018     42     0.01157
2018     43     0.00656
2018     44     0.00376
2018     45     0.00178
2018     46     0.00095
2018     47     0.00051
2018     48     0.00022
2018     49     0.00012
2018     50     0.00008
2018     51     0.00006
2018     52     0.00006
2018     53     0.00003
2018     54     0.00000
2018     55+    0.00000
2019     12-    0.00000
2019     13     0.00003
2019     14     0.00000
2019     15     0.00034
2019     16     0.00059
2019     17     0.00205
2019     18     0.00511
2019     19     0.01240
2019     20     0.01788
2019     21     0.02667
2019     22     0.03183
2019     23     0.04254
2019     24     0.04778
2019     25     0.05809
2019     26     0.06765
2019     27     0.07550
2019     28     0.08416
2019     29     0.09180
2019     30     0.09686
2019     31     0.10003
2019     32     0.09455
2019     33     0.08635
2019     34     0.08175
2019     35     0.07316
2019     36     0.06440
2019     37     0.04911
2019     38     0.03900
2019     39     0.03148
2019     40     0.02365
2019     41     0.01651
2019     42     0.01009
2019     43     0.00625
2019     44     0.00447
2019     45     0.00291
2019     46     0.00130
2019     47     0.00060
2019     48     0.00032
2019     49     0.00006
2019     50     0.00009
2019     51     0.00000
2019     52     0.00000
2019     53     0.00000
2019     54     0.00000
2019     55+    0.00000
2020     12-    0.00003
2020     13     0.00000
2020     14     0.00007
2020     15     0.00030
2020     16     0.00095
2020     17     0.00205
2020     18     0.00573
2020     19     0.01049
2020     20     0.01850
2020     21     0.02390
2020     22     0.03323
2020     23     0.03882
2020     24     0.04663
2020     25     0.05893
2020     26     0.06741
2020     27     0.07768
2020     28     0.08545
2020     29     0.09367
2020     30     0.10010
2020     31     0.10324
2020     32     0.09876
2020     33     0.09027
2020     34     0.08221
2020     35     0.07413
2020     36     0.06319
2020     37     0.05248
2020     38     0.04087
2020     39     0.03395
2020     40     0.02493
2020     41     0.01658
2020     42     0.01024
2020     43     0.00681
2020     44     0.00399
2020     45     0.00239
2020     46     0.00111
2020     47     0.00050
2020     48     0.00023
2020     49     0.00016
2020     50     0.00012
2020     51     0.00003
2020     52     0.00000
2020     53     0.00003
2020     54     0.00006
2020     55+    0.00003
2021     12-    0.00000
2021     13     0.00000
2021     14     0.00003
2021     15     0.00013
2021     16     0.00091
2021     17     0.00265
2021     18     0.00520
2021     19     0.00989
2021     20     0.01679
2021     21     0.02279
2021     22     0.02984
2021     23     0.03720
2021     24     0.04596
2021     25     0.05895
2021     26     0.06748
2021     27     0.07975
2021     28     0.09220
2021     29     0.10104
2021     30     0.10706
2021     31     0.11182
2021     32     0.10748
2021     33     0.09930
2021     34     0.09253
2021     35     0.08165
2021     36     0.06921
2021     37     0.05563
2021     38     0.04790
2021     39     0.03547
2021     40     0.02957
2021     41     0.01995
2021     42     0.01180
2021     43     0.00792
2021     44     0.00431
2021     45     0.00227
2021     46     0.00137
2021     47     0.00082
2021     48     0.00024
2021     49     0.00023
2021     50     0.00006
2021     51     0.00003
2021     52     0.00000
2021     53     0.00000
2021     54     0.00006
2021     55+    0.00000
2022     12-    0.00000
2022     13     0.00000
2022     14     0.00000
2022     15     0.00016
2022     16     0.00050
2022     17     0.00228
2022     18     0.00451
2022     19     0.00908
2022     20     0.01639
2022     21     0.02199
2022     22     0.02752
2022     23     0.03362
2022     24     0.04162
2022     25     0.05028
2022     26     0.06157
2022     27     0.07205
2022     28     0.08038
2022     29     0.09252
2022     30     0.09423
2022     31     0.09956
2022     32     0.09330
2022     33     0.08956
2022     34     0.08171
2022     35     0.07555
2022     36     0.06343
2022     37     0.05262
2022     38     0.04276
2022     39     0.03334
2022     40     0.02699
2022     41     0.01898
2022     42     0.01147
2022     43     0.00684
2022     44     0.00502
2022     45     0.00257
2022     46     0.00133
2022     47     0.00095
2022     48     0.00039
2022     49     0.00027
2022     50     0.00000
2022     51     0.00006
2022     52     0.00000
2022     53     0.00000
2022     54     0.00000
2022     55+    0.00000