Finland, Live births by calendar year and age (Lexis squares, age in completed years (ACY))
Last modified: 06/09/2023
Year    Age        Total
1939     12-        0.00
1939     13         0.00
1939     14         1.01
1939     15         9.03
1939     16        59.21
1939     17       284.01
1939     18       903.21
1939     19      1586.64
1939     20      2138.61
1939     21      3239.53
1939     22      3670.05
1939     23      4029.33
1939     24      4443.81
1939     25      4668.61
1939     26      4622.44
1939     27      4751.90
1939     28      4709.75
1939     29      4479.94
1939     30      4304.30
1939     31      3840.66
1939     32      3633.92
1939     33      3196.37
1939     34      2950.50
1939     35      2729.71
1939     36      2323.26
1939     37      2277.10
1939     38      2016.17
1939     39      1812.44
1939     40      1591.66
1939     41      1220.34
1939     42       933.32
1939     43       709.52
1939     44       513.83
1939     45       273.97
1939     46       135.48
1939     47        54.19
1939     48        27.10
1939     49        12.04
1939     50         4.01
1939     51         3.01
1939     52         3.01
1939     53         0.00
1939     54         0.00
1939     55+        1.00
1940     12-        0.00
1940     13         0.00
1940     14         0.00
1940     15         9.03
1940     16        52.15
1940     17       235.68
1940     18       697.02
1940     19      1556.49
1940     20      2069.97
1940     21      2292.61
1940     22      3098.94
1940     23      3281.47
1940     24      3439.93
1940     25      3846.10
1940     26      3814.01
1940     27      3843.09
1940     28      3722.74
1940     29      3618.44
1940     30      3543.22
1940     31      3279.46
1940     32      3063.84
1940     33      2886.33
1940     34      2572.42
1940     35      2406.94
1940     36      2172.27
1940     37      1814.24
1940     38      1758.07
1940     39      1628.70
1940     40      1415.09
1940     41      1178.40
1940     42       889.57
1940     43       696.01
1940     44       439.26
1940     45       278.81
1940     46       136.40
1940     47        62.18
1940     48        28.08
1940     49         7.02
1940     50         7.02
1940     51         5.01
1940     52         1.00
1940     53         2.01
1940     54         0.00
1940     55+        0.00
1941     12-        0.00
1941     13         0.00
1941     14         0.00
1941     15         6.01
1941     16        32.04
1941     17       207.28
1941     18       641.86
1941     19      1391.86
1941     20      2641.54
1941     21      3340.48
1941     22      3495.68
1941     23      4614.18
1941     24      4846.49
1941     25      5125.87
1941     26      5339.15
1941     27      5424.27
1941     28      5343.16
1941     29      5452.31
1941     30      5228.01
1941     31      4705.31
1941     32      4520.06
1941     33      3960.31
1941     34      3760.04
1941     35      3360.50
1941     36      3007.03
1941     37      2648.55
1941     38      2288.07
1941     39      1927.58
1941     40      1810.43
1941     41      1341.80
1941     42      1128.51
1941     43       824.10
1941     44       528.71
1941     45       323.43
1941     46       169.23
1941     47        78.10
1941     48        34.04
1941     49         7.01
1941     50         9.01
1941     51         1.00
1941     52         1.00
1941     53         0.00
1941     54         1.01
1941     55+        0.00
1942     12-        0.00
1942     13         0.00
1942     14         0.00
1942     15         7.00
1942     16        31.03
1942     17       154.11
1942     18       481.37
1942     19       952.73
1942     20      1692.29
1942     21      2459.88
1942     22      2697.05
1942     23      2521.92
1942     24      3160.41
1942     25      3212.44
1942     26      3305.52
1942     27      3399.59
1942     28      3474.64
1942     29      3387.58
1942     30      3378.57
1942     31      3334.54
1942     32      3192.44
1942     33      2847.17
1942     34      2661.03
1942     35      2525.92
1942     36      2266.73
1942     37      2012.53
1942     38      1841.40
1942     39      1494.14
1942     40      1433.09
1942     41      1198.91
1942     42       872.67
1942     43       646.50
1942     44       440.33
1942     45       306.23
1942     46       150.11
1942     47        72.06
1942     48        34.02
1942     49        14.01
1942     50         5.01
1942     51         3.01
1942     52         1.00
1942     53         1.01
1942     54         2.00
1942     55+        0.00
1943     12-        0.00
1943     13         0.00
1943     14         1.00
1943     15         8.00
1943     16        32.02
1943     17       156.10
1943     18       409.27
1943     19       962.63
1943     20      1626.07
1943     21      2426.59
1943     22      3334.19
1943     23      3664.41
1943     24      3334.19
1943     25      4090.69
1943     26      3963.61
1943     27      3963.60
1943     28      4211.77
1943     29      4204.76
1943     30      4188.75
1943     31      4114.70
1943     32      4096.69
1943     33      3788.49
1943     34      3603.37
1943     35      3354.21
1943     36      3148.07
1943     37      2808.84
1943     38      2422.59
1943     39      1994.31
1943     40      1734.14
1943     41      1388.91
1943     42      1159.76
1943     43       816.54
1943     44       512.33
1943     45       301.20
1943     46       155.10
1943     47        78.05
1943     48        27.02
1943     49        15.01
1943     50         5.00
1943     51         3.00
1943     52         4.00
1943     53         3.00
1943     54         0.00
1943     55+        0.00
1944     12-        0.00
1944     13         0.00
1944     14         1.01
1944     15         8.03
1944     16        45.17
1944     17       152.57
1944     18       502.88
1944     19      1081.02
1944     20      1968.33
1944     21      2885.75
1944     22      3625.50
1944     23      4333.14
1944     24      4335.15
1944     25      3810.20
1944     26      4333.14
1944     27      4345.19
1944     28      4137.42
1944     29      4293.00
1944     30      4225.74
1944     31      4107.30
1944     32      4129.39
1944     33      3857.37
1944     34      3618.48
1944     35      3274.20
1944     36      3037.32
1944     37      2764.30
1944     38      2374.85
1944     39      2083.77
1944     40      1757.55
1944     41      1293.82
1944     42      1093.07
1944     43       784.93
1944     44       555.07
1944     45       339.26
1944     46       167.63
1944     47        63.24
1944     48        34.12
1944     49        20.08
1944     50         5.02
1944     51         2.01
1944     52         0.00
1944     53         0.00
1944     54         0.00
1944     55+        0.00
1945     12-        0.00
1945     13         0.00
1945     14         1.00
1945     15         6.02
1945     16        35.10
1945     17       164.46
1945     18       576.60
1945     19      1411.91
1945     20      2477.86
1945     21      3630.04
1945     22      4489.42
1945     23      5520.28
1945     24      5931.42
1945     25      6004.62
1945     26      4728.09
1945     27      5437.05
1945     28      5220.45
1945     29      5059.00
1945     30      5096.10
1945     31      4846.41
1945     32      4678.95
1945     33      4497.44
1945     34      4098.34
1945     35      3808.54
1945     36      3512.72
1945     37      3050.44
1945     38      2661.37
1945     39      2319.42
1945     40      1964.44
1945     41      1488.12
1945     42      1098.04
1945     43       776.15
1945     44       553.53
1945     45       325.90
1945     46       148.41
1945     47        75.21
1945     48        40.11
1945     49         7.02
1945     50         6.02
1945     51         4.01
1945     52         3.84
1945     53         2.57
1945     54         1.13
1945     55+        0.49
1946     12-        0.00
1946     13         0.00
1946     14         0.00
1946     15         6.01
1946     16        67.15
1946     17       313.70
1946     18       998.25
1946     19      2112.76
1946     20      3371.60
1946     21      4632.44
1946     22      5472.33
1946     23      5997.51
1946     24      6412.45
1946     25      6938.64
1946     26      6036.60
1946     27      5039.36
1946     28      5605.63
1946     29      5286.91
1946     30      5073.43
1946     31      5116.53
1946     32      4861.95
1946     33      4586.34
1946     34      4374.85
1946     35      4202.47
1946     36      3855.69
1946     37      3305.45
1946     38      2918.58
1946     39      2545.73
1946     40      2068.66
1946     41      1604.62
1946     42      1206.72
1946     43       829.87
1946     44       588.32
1946     45       340.76
1946     46       170.38
1946     47        80.18
1946     48        34.07
1946     49         7.02
1946     50         6.02
1946     51         2.01
1946     52         1.76
1946     53         1.20
1946     54         0.66
1946     55+        0.37
1947     12-        0.00
1947     13         0.00
1947     14         1.01
1947     15         9.02
1947     16        74.20
1947     17       404.09
1947     18      1266.41
1947     19      2425.52
1947     20      3705.97
1947     21      4850.05
1947     22      5733.42
1947     23      6501.49
1947     24      6609.78
1947     25      6856.44
1947     26      6986.79
1947     27      6239.79
1947     28      4918.23
1947     29      5396.52
1947     30      5159.88
1947     31      4654.52
1947     32      4602.38
1947     33      4344.69
1947     34      4152.17
1947     35      3934.58
1947     36      3715.00
1947     37      3362.04
1947     38      2953.95
1947     39      2485.68
1947     40      2085.61
1947     41      1481.99
1947     42      1241.34
1947     43       858.31
1947     44       519.40
1947     45       309.84
1947     46       188.50
1947     47        81.22
1947     48        37.10
1947     49         8.02
1947     50         4.02
1947     51         1.00
1947     52         3.01
1947     53         2.89
1947     54         1.43
1947     55+        0.69
1948     12-        0.00
1948     13         1.00
1948     14         3.01
1948     15        10.03
1948     16        88.20
1948     17       456.03
1948     18      1261.84
1948     19      2572.81
1948     20      3835.65
1948     21      4771.77
1948     22      5859.22
1948     23      6198.98
1948     24      6734.19
1948     25      6670.05
1948     26      6630.96
1948     27      6623.93
1948     28      5906.31
1948     29      4538.23
1948     30      5141.59
1948     31      4696.60
1948     32      4346.81
1948     33      4363.84
1948     34      4141.34
1948     35      3702.35
1948     36      3549.00
1948     37      3328.51
1948     38      2780.27
1948     39      2536.72
1948     40      2063.66
1948     41      1664.75
1948     42      1222.76
1948     43       867.96
1948     44       571.29
1948     45       317.71
1948     46       155.35
1948     47        83.19
1948     48        35.08
1948     49        12.03
1948     50         9.02
1948     51         4.01
1948     52         1.58
1948     53         0.82
1948     54         0.38
1948     55+        0.22
1949     12-        0.00
1949     13         0.00
1949     14         2.00
1949     15        14.02
1949     16        97.12
1949     17       476.61
1949     18      1291.65
1949     19      2484.17
1949     20      3908.98
1949     21      4811.14
1949     22      5405.89
1949     23      6022.68
1949     24      6286.02
1949     25      6393.15
1949     26      6130.81
1949     27      6034.70
1949     28      6068.74
1949     29      5290.74
1949     30      4147.28
1949     31      4551.80
1949     32      4119.25
1949     33      3888.96
1949     34      3853.91
1949     35      3547.53
1949     36      3369.29
1949     37      3075.92
1949     38      2806.58
1949     39      2530.22
1949     40      2003.56
1949     41      1599.04
1949     42      1259.61
1949     43       856.09
1949     44       563.72
1949     45       324.42
1949     46       158.20
1949     47        71.09
1949     48        45.06
1949     49        17.02
1949     50         3.00
1949     51         2.00
1949     52         1.38
1949     53         0.89
1949     54         0.47
1949     55+        0.27
1950     12-        0.00
1950     13         2.01
1950     14         4.00
1950     15        14.02
1950     16        91.10
1950     17       424.46
1950     18      1243.35
1950     19      2427.62
1950     20      3702.00
1950     21      4615.99
1950     22      5324.75
1950     23      5491.93
1950     24      5926.41
1950     25      5877.35
1950     26      5947.43
1950     27      5626.08
1950     28      5623.08
1950     29      5325.76
1950     30      4719.10
1950     31      3693.99
1950     32      3986.31
1950     33      3622.91
1950     34      3333.60
1950     35      3435.71
1950     36      3139.39
1950     37      2830.06
1950     38      2626.84
1950     39      2309.50
1950     40      2042.21
1950     41      1566.70
1950     42      1160.26
1950     43       821.89
1950     44       509.55
1950     45       288.31
1950     46       185.20
1950     47        56.06
1950     48        41.05
1950     49        19.02
1950     50         4.01
1950     51         2.00
1950     52         1.81
1950     53         1.21
1950     54         0.64
1950     55+        0.35
1951     12-        0.00
1951     13         0.00
1951     14         3.01
1951     15        15.01
1951     16        82.01
1951     17       353.05
1951     18      1171.17
1951     19      2171.33
1951     20      3534.53
1951     21      4447.67
1951     22      5268.79
1951     23      5375.80
1951     24      5508.83
1951     25      5726.86
1951     26      5528.83
1951     27      5608.84
1951     28      5071.77
1951     29      4887.73
1951     30      4851.73
1951     31      4275.64
1951     32      3287.49
1951     33      3445.52
1951     34      3265.49
1951     35      2950.44
1951     36      2794.42
1951     37      2648.39
1951     38      2394.36
1951     39      2094.31
1951     40      1832.27
1951     41      1485.22
1951     42      1166.17
1951     43       797.12
1951     44       489.07
1951     45       261.04
1951     46       150.03
1951     47        60.00
1951     48        40.00
1951     49         8.00
1951     50         9.00
1951     51         1.00
1951     52         0.46
1951     53         0.28
1951     54         0.16
1951     55+        0.11
1952     12-        0.00
1952     13         0.00
1952     14         4.00
1952     15        10.00
1952     16        98.00
1952     17       504.01
1952     18      1208.03
1952     19      2210.04
1952     20      3527.08
1952     21      4692.10
1952     22      5434.12
1952     23      5762.12
1952     24      6062.13
1952     25      5510.11
1952     26      5641.12
1952     27      5321.11
1952     28      5316.11
1952     29      4863.11
1952     30      4726.10
1952     31      4470.10
1952     32      3924.08
1952     33      3207.06
1952     34      3301.07
1952     35      2883.06
1952     36      2650.05
1952     37      2602.05
1952     38      2110.05
1952     39      2044.04
1952     40      1782.04
1952     41      1430.03
1952     42      1145.02
1952     43       791.02
1952     44       517.01
1952     45       297.01
1952     46       142.00
1952     47        74.00
1952     48        33.00
1952     49        12.00
1952     50         6.00
1952     51         1.00
1952     52         1.19
1952     53         0.96
1952     54         0.54
1952     55+        0.32
1953     12-        0.00
1953     13         1.00
1953     14         1.00
1953     15        14.01
1953     16        85.01
1953     17       491.04
1953     18      1318.12
1953     19      2304.20
1953     20      3280.29
1953     21      4364.38
1953     22      5294.47
1953     23      5676.50
1953     24      5836.51
1953     25      5631.49
1953     26      5409.48
1953     27      5182.45
1953     28      4851.43
1953     29      4838.43
1953     30      4442.39
1953     31      4138.36
1953     32      4074.36
1953     33      3462.31
1953     34      2596.23
1953     35      2870.25
1953     36      2502.22
1953     37      2260.20
1953     38      2141.19
1953     39      1914.17
1953     40      1665.15
1953     41      1372.12
1953     42      1111.10
1953     43       758.07
1953     44       470.05
1953     45       264.02
1953     46       146.01
1953     47        59.01
1953     48        20.00
1953     49        12.00
1953     50         3.00
1953     51         1.00
1953     52         1.17
1953     53         0.95
1953     54         0.55
1953     55+        0.33
1954     12-        0.00
1954     13         2.00
1954     14         4.00
1954     15        15.00
1954     16       103.01
1954     17       467.04
1954     18      1400.11
1954     19      2471.19
1954     20      3545.28
1954     21      4252.33
1954     22      5093.39
1954     23      5735.45
1954     24      5896.46
1954     25      5841.46
1954     26      5429.43
1954     27      4956.39
1954     28      4891.38
1954     29      4533.35
1954     30      4485.35
1954     31      4002.31
1954     32      3726.29
1954     33      3570.28
1954     34      3094.25
1954     35      2411.19
1954     36      2464.19
1954     37      2238.17
1954     38      1957.15
1954     39      1758.13
1954     40      1607.12
1954     41      1220.09
1954     42      1013.08
1954     43       720.06
1954     44       456.04
1954     45       251.02
1954     46       138.01
1954     47        59.01
1954     48        27.00
1954     49         4.00
1954     50         3.00
1954     51         1.00
1954     52         0.46
1954     53         0.27
1954     54         0.16
1954     55+        0.11
1955     12-        0.00
1955     13         0.00
1955     14         4.00
1955     15        13.00
1955     16       107.00
1955     17       506.02
1955     18      1389.03
1955     19      2576.05
1955     20      3711.09
1955     21      4397.10
1955     22      4946.11
1955     23      5404.12
1955     24      5771.12
1955     25      5745.13
1955     26      5645.13
1955     27      5374.12
1955     28      4813.11
1955     29      4501.10
1955     30      4235.10
1955     31      4003.09
1955     32      3643.08
1955     33      3489.08
1955     34      3216.07
1955     35      2825.06
1955     36      2088.05
1955     37      2176.05
1955     38      1981.05
1955     39      1699.03
1955     40      1530.03
1955     41      1270.03
1955     42      1004.02
1955     43       763.01
1955     44       442.01
1955     45       265.00
1955     46       118.00
1955     47        59.00
1955     48        18.01
1955     49         6.00
1955     50         4.00
1955     51         1.00
1955     52         0.45
1955     53         0.27
1955     54         0.16
1955     55+        0.11
1956     12-        0.00
1956     13         0.00
1956     14         6.00
1956     15        10.00
1956     16       106.00
1956     17       579.00
1956     18      1193.00
1956     19      2798.00
1956     20      3865.00
1956     21      4658.00
1956     22      5042.00
1956     23      5238.00
1956     24      5604.00
1956     25      5765.00
1956     26      5669.00
1956     27      5315.00
1956     28      4829.00
1956     29      4437.00
1956     30      4154.00
1956     31      3816.00
1956     32      3739.00
1956     33      3310.00
1956     34      3136.00
1956     35      2897.00
1956     36      2493.00
1956     37      1803.00
1956     38      1933.00
1956     39      1580.00
1956     40      1363.00
1956     41      1143.00
1956     42       849.00
1956     43       653.00
1956     44       443.00
1956     45       262.00
1956     46       131.00
1956     47        53.00
1956     48        14.00
1956     49         3.00
1956     50         4.00
1956     51         1.00
1956     52         0.83
1956     53         0.57
1956     54         0.36
1956     55+        0.24
1957     12-        0.00
1957     13         0.00
1957     14         2.00
1957     15        17.00
1957     16        89.01
1957     17       552.03
1957     18      1598.09
1957     19      2771.16
1957     20      3702.21
1957     21      4700.27
1957     22      5290.31
1957     23      5225.30
1957     24      5331.31
1957     25      5356.30
1957     26      5476.31
1957     27      5207.30
1957     28      4837.28
1957     29      4398.25
1957     30      4021.23
1957     31      3661.21
1957     32      3405.20
1957     33      3294.19
1957     34      2987.17
1957     35      2757.16
1957     36      2509.15
1957     37      2045.12
1957     38      1519.09
1957     39      1528.09
1957     40      1300.07
1957     41      1050.06
1957     42       844.05
1957     43       597.03
1957     44       431.02
1957     45       259.01
1957     46       140.01
1957     47        46.01
1957     48        21.00
1957     49         8.01
1957     50         4.00
1957     51         2.00
1957     52         0.49
1957     53         0.27
1957     54         0.14
1957     55+        0.09
1958     12-        0.00
1958     13         0.00
1958     14         3.00
1958     15        15.00
1958     16       114.01
1958     17       505.05
1958     18      1456.15
1958     19      2805.27
1958     20      3777.37
1958     21      4368.43
1958     22      4956.49
1958     23      5126.50
1958     24      4847.48
1958     25      4858.48
1958     26      4911.48
1958     27      4754.47
1958     28      4603.45
1958     29      4150.41
1958     30      3889.38
1958     31      3342.33
1958     32      3086.30
1958     33      2942.29
1958     34      2665.26
1958     35      2495.24
1958     36      2239.22
1958     37      2085.21
1958     38      1709.17
1958     39      1177.11
1958     40      1202.12
1958     41       965.09
1958     42       744.08
1958     43       564.06
1958     44       382.04
1958     45       226.02
1958     46       112.01
1958     47        43.00
1958     48        15.00
1958     49         3.00
1958     50         4.00
1958     51         1.00
1958     52         0.83
1958     53         0.59
1958     54         0.35
1958     55+        0.23
1959     12-        0.00
1959     13         1.00
1959     14         3.00
1959     15        13.01
1959     16       106.00
1959     17       593.04
1959     18      1463.11
1959     19      2783.20
1959     20      4089.29
1959     21      4868.35
1959     22      5071.37
1959     23      5315.39
1959     24      5360.39
1959     25      4967.36
1959     26      4783.35
1959     27      4599.34
1959     28      4561.33
1959     29      4296.30
1959     30      3956.29
1959     31      3634.26
1959     32      3134.23
1959     33      3007.21
1959     34      2619.19
1959     35      2502.18
1959     36      2266.17
1959     37      1982.14
1959     38      1809.13
1959     39      1455.11
1959     40      1054.08
1959     41       972.07
1959     42       738.05
1959     43       492.04
1959     44       350.02
1959     45       224.02
1959     46       101.01
1959     47        53.00
1959     48        17.00
1959     49         8.00
1959     50         3.00
1959     51         0.00
1959     52         0.00
1959     53         0.00
1959     54         0.00
1959     55+        0.00
1960     12-        0.00
1960     13         2.00
1960     14         7.00
1960     15        23.00
1960     16       124.01
1960     17       510.02
1960     18      1617.06
1960     19      2698.10
1960     20      4124.15
1960     21      4929.18
1960     22      5477.20
1960     23      5299.20
1960     24      5335.19
1960     25      5166.19
1960     26      4747.17
1960     27      4348.16
1960     28      4323.16
1960     29      4148.15
1960     30      3875.14
1960     31      3535.13
1960     32      3169.11
1960     33      2763.11
1960     34      2617.09
1960     35      2273.08
1960     36      2147.07
1960     37      1853.07
1960     38      1771.07
1960     39      1467.06
1960     40      1158.05
1960     41       781.03
1960     42       702.03
1960     43       477.02
1960     44       307.01
1960     45       182.01
1960     46       101.00
1960     47        50.00
1960     48         9.00
1960     49         5.00
1960     50         5.00
1960     51         0.00
1960     52         0.38
1960     53         0.70
1960     54         0.53
1960     55+        0.38
1961     12-        2.00
1961     13         1.00
1961     14         2.00
1961     15        26.00
1961     16       153.01
1961     17       651.04
1961     18      1522.09
1961     19      2859.18
1961     20      3850.24
1961     21      5008.30
1961     22      5562.34
1961     23      5637.35
1961     24      5286.32
1961     25      5339.32
1961     26      4799.29
1961     27      4328.26
1961     28      4127.25
1961     29      3899.24
1961     30      3681.22
1961     31      3607.22
1961     32      3204.20
1961     33      2807.18
1961     34      2322.14
1961     35      2397.14
1961     36      2075.12
1961     37      1818.12
1961     38      1722.11
1961     39      1387.08
1961     40      1244.08
1961     41       922.05
1961     42       611.04
1961     43       483.03
1961     44       308.02
1961     45       171.01
1961     46       103.01
1961     47        41.00
1961     48        23.00
1961     49        10.00
1961     50         4.00
1961     51         0.00
1961     52         0.00
1961     53         0.00
1961     54         0.00
1961     55+        0.00
1962     12-        0.00
1962     13         1.00
1962     14         4.00
1962     15        29.01
1962     16       222.00
1962     17       795.02
1962     18      1866.05
1962     19      2714.07
1962     20      4192.10
1962     21      4848.12
1962     22      5709.14
1962     23      5952.14
1962     24      5635.13
1962     25      5209.13
1962     26      4916.12
1962     27      4521.11
1962     28      3912.10
1962     29      3597.08
1962     30      3551.08
1962     31      3330.08
1962     32      2919.07
1962     33      2838.07
1962     34      2477.06
1962     35      2073.05
1962     36      1921.05
1962     37      1747.05
1962     38      1496.04
1962     39      1305.03
1962     40      1079.03
1962     41       957.02
1962     42       652.01
1962     43       387.01
1962     44       285.01
1962     45       162.01
1962     46        85.01
1962     47        39.00
1962     48        17.00
1962     49         7.00
1962     50         0.00
1962     51         1.00
1962     52         0.83
1962     53         0.58
1962     54         0.35
1962     55+        0.24
1963     12-        0.00
1963     13         0.00
1963     14         3.00
1963     15        27.00
1963     16       208.00
1963     17      1123.02
1963     18      2056.05
1963     19      3257.08
1963     20      3761.09
1963     21      5024.12
1963     22      5470.13
1963     23      5880.14
1963     24      5800.14
1963     25      5469.13
1963     26      4807.11
1963     27      4613.11
1963     28      4267.10
1963     29      3579.09
1963     30      3257.07
1963     31      3230.07
1963     32      2955.08
1963     33      2852.07
1963     34      2557.07
1963     35      2153.06
1963     36      1892.05
1963     37      1682.05
1963     38      1442.03
1963     39      1261.03
1963     40      1057.03
1963     41       861.02
1963     42       713.02
1963     43       437.01
1963     44       234.00
1963     45       166.01
1963     46        92.01
1963     47        32.00
1963     48        14.00
1963     49         9.00
1963     50         4.00
1963     51         2.00
1963     52         1.36
1963     53         0.87
1963     54         0.48
1963     55+        0.30
1964     12-        0.00
1964     13         2.00
1964     14         1.00
1964     15        26.01
1964     16       233.00
1964     17      1068.02
1964     18      2691.03
1964     19      3346.04
1964     20      4188.05
1964     21      4349.06
1964     22      5373.07
1964     23      5476.07
1964     24      5828.07
1964     25      5436.07
1964     26      5027.06
1964     27      4322.06
1964     28      4055.05
1964     29      3645.05
1964     30      3206.04
1964     31      2875.03
1964     32      2704.03
1964     33      2602.03
1964     34      2277.03
1964     35      2138.03
1964     36      1848.03
1964     37      1570.02
1964     38      1404.02
1964     39      1127.01
1964     40      1067.01
1964     41       808.01
1964     42       680.01
1964     43       465.00
1964     44       322.01
1964     45       136.00
1964     46        76.00
1964     47        39.00
1964     48        10.00
1964     49         4.00
1964     50         2.00
1964     51         0.00
1964     52         0.15
1964     53         0.31
1964     54         0.28
1964     55+        0.25
1965     12-        0.00
1965     13         0.00
1965     14         4.00
1965     15        44.00
1965     16       233.00
1965     17      1036.01
1965     18      2501.04
1965     19      4260.06
1965     20      4157.05
1965     21      4875.07
1965     22      4553.06
1965     23      5340.07
1965     24      5247.06
1965     25      5189.07
1965     26      4998.06
1965     27      4323.06
1965     28      3791.04
1965     29      3461.04
1965     30      3072.04
1965     31      2641.03
1965     32      2467.03
1965     33      2346.03
1965     34      2214.03
1965     35      2031.03
1965     36      1820.02
1965     37      1476.02
1965     38      1366.02
1965     39      1189.01
1965     40       878.01
1965     41       762.01
1965     42       632.01
1965     43       398.01
1965     44       273.01
1965     45       176.00
1965     46        80.00
1965     47        36.00
1965     48         6.00
1965     49         1.00
1965     50         0.00
1965     51         2.00
1965     52         2.53
1965     53         1.94
1965     54         0.99
1965     55+        0.53
1966     12-        0.00
1966     13         0.00
1966     14         7.00
1966     15        28.00
1966     16       220.01
1966     17      1155.06
1966     18      2608.13
1966     19      4306.22
1966     20      5711.29
1966     21      4918.25
1966     22      5220.27
1966     23      4682.24
1966     24      5091.26
1966     25      4967.26
1966     26      4843.25
1966     27      4526.24
1966     28      3844.20
1966     29      3258.16
1966     30      3139.16
1966     31      2708.14
1966     32      2312.12
1966     33      2118.10
1966     34      2041.10
1966     35      1841.09
1966     36      1630.08
1966     37      1453.07
1966     38      1239.06
1966     39       989.05
1966     40       824.05
1966     41       633.03
1966     42       521.03
1966     43       363.02
1966     44       251.01
1966     45       149.00
1966     46        59.00
1966     47        26.00
1966     48         7.00
1966     49         6.00
1966     50         0.00
1966     51         0.00
1966     52         0.00
1966     53         0.00
1966     54         0.00
1966     55+        0.00
1967     12-        0.00
1967     13         0.00
1967     14         5.00
1967     15        40.00
1967     16       277.01
1967     17      1142.03
1967     18      2596.07
1967     19      4162.11
1967     20      5375.14
1967     21      6557.17
1967     22      5137.13
1967     23      5217.13
1967     24      4704.12
1967     25      4782.13
1967     26      4630.12
1967     27      4509.12
1967     28      3947.10
1967     29      3423.08
1967     30      2864.08
1967     31      2633.07
1967     32      2248.06
1967     33      1851.04
1967     34      1754.05
1967     35      1706.05
1967     36      1571.04
1967     37      1344.04
1967     38      1140.03
1967     39       994.02
1967     40       770.02
1967     41       645.02
1967     42       471.01
1967     43       334.01
1967     44       222.00
1967     45       135.01
1967     46        62.00
1967     47        24.00
1967     48        11.00
1967     49         3.00
1967     50         2.00
1967     51         0.00
1967     52         0.00
1967     53         0.00
1967     54         0.00
1967     55+        0.00
1968     12-        0.00
1968     13         0.00
1968     14         5.00
1968     15        35.00
1968     16       242.00
1968     17      1086.01
1968     18      2417.04
1968     19      4116.06
1968     20      5358.07
1968     21      6102.09
1968     22      6648.09
1968     23      5132.07
1968     24      4771.06
1968     25      4134.05
1968     26      4285.06
1968     27      3899.05
1968     28      3558.05
1968     29      3290.05
1968     30      2909.04
1968     31      2333.03
1968     32      2117.03
1968     33      1801.03
1968     34      1490.02
1968     35      1334.02
1968     36      1266.02
1968     37      1205.01
1968     38       954.01
1968     39       844.01
1968     40       685.01
1968     41       558.00
1968     42       410.00
1968     43       268.01
1968     44       188.00
1968     45       108.01
1968     46        64.00
1968     47        24.00
1968     48        16.01
1968     49         1.00
1968     50         0.00
1968     51         0.00
1968     52         0.00
1968     53         0.00
1968     54         0.00
1968     55+        0.00
1969     12-        0.00
1969     13         0.00
1969     14         4.00
1969     15        32.00
1969     16       224.00
1969     17      1074.00
1969     18      2244.00
1969     19      3590.00
1969     20      4700.00
1969     21      5274.00
1969     22      5832.00
1969     23      6118.00
1969     24      4500.00
1969     25      4115.00
1969     26      3515.00
1969     27      3583.00
1969     28      3099.00
1969     29      2929.00
1969     30      2667.00
1969     31      2249.00
1969     32      1900.00
1969     33      1580.00
1969     34      1406.00
1969     35      1218.00
1969     36      1045.00
1969     37       975.00
1969     38       861.00
1969     39       803.00
1969     40       604.00
1969     41       450.00
1969     42       319.00
1969     43       223.00
1969     44       140.00
1969     45        99.00
1969     46        44.00
1969     47        22.00
1969     48         8.00
1969     49         3.00
1969     50         1.00
1969     51         0.00
1969     52         0.00
1969     53         0.00
1969     54         0.00
1969     55+        0.00
1970     12-        0.00
1970     13         0.00
1970     14         2.00
1970     15        50.00
1970     16       244.00
1970     17      1014.00
1970     18      2123.00
1970     19      3255.00
1970     20      4240.00
1970     21      5069.00
1970     22      5426.00
1970     23      5482.00
1970     24      5748.00
1970     25      4047.00
1970     26      3913.00
1970     27      3132.00
1970     28      3106.00
1970     29      2750.00
1970     30      2482.00
1970     31      2270.00
1970     32      1783.00
1970     33      1485.00
1970     34      1266.00
1970     35      1138.00
1970     36       956.00
1970     37       792.00
1970     38       692.00
1970     39       605.00
1970     40       436.00
1970     41       381.00
1970     42       252.00
1970     43       177.00
1970     44       126.00
1970     45        58.00
1970     46        32.00
1970     47        17.00
1970     48         8.00
1970     49         1.00
1970     50         1.00
1970     51         0.00
1970     52         0.00
1970     53         0.00
1970     54         0.00
1970     55+        0.00
1971     12-        0.00
1971     13         0.00
1971     14         7.00
1971     15        39.00
1971     16       265.00
1971     17       840.00
1971     18      2049.00
1971     19      2920.00
1971     20      3756.00
1971     21      4548.00
1971     22      4905.00
1971     23      5328.00
1971     24      5476.00
1971     25      5463.00
1971     26      3810.00
1971     27      3328.00
1971     28      2729.00
1971     29      2524.00
1971     30      2368.00
1971     31      2048.00
1971     32      1684.00
1971     33      1375.00
1971     34      1062.00
1971     35       980.00
1971     36       820.00
1971     37       645.00
1971     38       514.00
1971     39       448.00
1971     40       374.00
1971     41       275.00
1971     42       197.00
1971     43       126.00
1971     44        79.00
1971     45        50.00
1971     46        21.00
1971     47        12.00
1971     48         2.00
1971     49         0.00
1971     50         0.00
1971     51         0.00
1971     52         0.00
1971     53         0.00
1971     54         0.00
1971     55+        0.00
1972     12-        0.00
1972     13         0.00
1972     14         4.00
1972     15        51.00
1972     16       258.00
1972     17       887.00
1972     18      1785.00
1972     19      2878.00
1972     20      3425.00
1972     21      3991.00
1972     22      4670.00
1972     23      5036.00
1972     24      5203.00
1972     25      5281.00
1972     26      5014.00
1972     27      3382.00
1972     28      2902.00
1972     29      2190.00
1972     30      2146.00
1972     31      1862.00
1972     32      1586.00
1972     33      1303.00
1972     34      1075.00
1972     35       847.00
1972     36       714.00
1972     37       575.00
1972     38       471.00
1972     39       361.00
1972     40       333.00
1972     41       234.00
1972     42       153.00
1972     43       111.00
1972     44        64.00
1972     45        30.00
1972     46        26.00
1972     47        10.00
1972     48         3.00
1972     49         3.00
1972     50         0.00
1972     51         0.00
1972     52         0.00
1972     53         0.00
1972     54         0.00
1972     55+        0.00
1973     12-        0.00
1973     13         0.00
1973     14         9.00
1973     15        52.00
1973     16       248.00
1973     17       798.00
1973     18      1732.00
1973     19      2450.00
1973     20      3066.00
1973     21      3651.00
1973     22      4146.00
1973     23      4483.00
1973     24      5022.00
1973     25      4962.00
1973     26      4869.00
1973     27      4480.00
1973     28      2840.00
1973     29      2470.00
1973     30      1977.00
1973     31      1789.00
1973     32      1458.00
1973     33      1258.00
1973     34      1142.00
1973     35       929.00
1973     36       714.00
1973     37       555.00
1973     38       465.00
1973     39       341.00
1973     40       263.00
1973     41       218.00
1973     42       146.00
1973     43       103.00
1973     44        83.00
1973     45        41.00
1973     46        18.00
1973     47         6.00
1973     48         2.00
1973     49         0.00
1973     50         1.00
1973     51         0.00
1973     52         0.00
1973     53         0.00
1973     54         0.00
1973     55+        0.00
1974     12-        0.00
1974     13         0.00
1974     14         5.00
1974     15        62.00
1974     16       254.00
1974     17       840.00
1974     18      1708.00
1974     19      2527.00
1974     20      3165.00
1974     21      3880.00
1974     22      4436.00
1974     23      4760.00
1974     24      5359.00
1974     25      5458.00
1974     26      5236.00
1974     27      4868.00
1974     28      4373.00
1974     29      2875.00
1974     30      2478.00
1974     31      1831.00
1974     32      1645.00
1974     33      1375.00
1974     34      1176.00
1974     35      1019.00
1974     36       792.00
1974     37       601.00
1974     38       500.00
1974     39       372.00
1974     40       303.00
1974     41       200.00
1974     42       125.00
1974     43       116.00
1974     44        58.00
1974     45        37.00
1974     46        23.00
1974     47         9.00
1974     48         3.00
1974     49         3.00
1974     50         0.00
1974     51         0.00
1974     52         0.00
1974     53         0.00
1974     54         0.00
1974     55+        0.00
1975     12-        0.00
1975     13         1.00
1975     14         9.00
1975     15        65.00
1975     16       268.00
1975     17       823.00
1975     18      1655.00
1975     19      2555.00
1975     20      3239.00
1975     21      3886.00
1975     22      4446.00
1975     23      4927.00
1975     24      5127.50
1975     25      5443.00
1975     26      5392.00
1975     27      5235.00
1975     28      4692.00
1975     29      4157.00
1975     30      2751.00
1975     31      2224.00
1975     32      1635.00
1975     33      1451.00
1975     34      1319.00
1975     35      1098.00
1975     36       882.00
1975     37       680.00
1975     38       483.00
1975     39       404.00
1975     40       288.00
1975     41       205.00
1975     42       142.00
1975     43       104.00
1975     44        72.00
1975     45        31.00
1975     46        20.00
1975     47         9.00
1975     48         1.00
1975     49         0.00
1975     50         0.00
1975     51         0.00
1975     52         0.00
1975     53         0.00
1975     54         0.00
1975     55+        0.00
1976     12-        0.00
1976     13         1.00
1976     14         5.00
1976     15        46.00
1976     16       229.00
1976     17       781.00
1976     18      1500.00
1976     19      2450.00
1976     20      3194.00
1976     21      3756.00
1976     22      4245.00
1976     23      4826.00
1976     24      5014.50
1976     25      5268.00
1976     26      5429.00
1976     27      5369.00
1976     28      4810.00
1976     29      4384.00
1976     30      3811.00
1976     31      2447.00
1976     32      1945.00
1976     33      1484.00
1976     34      1301.00
1976     35      1114.00
1976     36       900.00
1976     37       738.00
1976     38       533.00
1976     39       431.00
1976     40       294.00
1976     41       216.00
1976     42       129.00
1976     43        76.00
1976     44        50.00
1976     45        30.00
1976     46        29.00
1976     47         7.00
1976     48         3.00
1976     49         1.00
1976     50         0.00
1976     51         0.00
1976     52         0.00
1976     53         0.00
1976     54         0.00
1976     55+        0.00
1977     12-        0.00
1977     13         1.00
1977     14         2.00
1977     15        43.00
1977     16       228.00
1977     17       697.00
1977     18      1390.00
1977     19      2228.00
1977     20      2864.00
1977     21      3527.51
1977     22      3974.00
1977     23      4410.00
1977     24      5010.00
1977     25      5232.00
1977     26      4997.00
1977     27      4948.00
1977     28      4820.00
1977     29      4385.00
1977     30      3880.00
1977     31      3283.00
1977     32      2080.00
1977     33      1679.00
1977     34      1304.00
1977     35      1125.00
1977     36       919.00
1977     37       789.00
1977     38       553.00
1977     39       440.00
1977     40       301.00
1977     41       205.00
1977     42       153.00
1977     43        80.00
1977     44        51.00
1977     45        30.00
1977     46        16.00
1977     47        10.00
1977     48         4.00
1977     49         1.00
1977     50         0.00
1977     51         0.00
1977     52         0.00
1977     53         0.00
1977     54         0.00
1977     55+        0.00
1978     12-        0.00
1978     13         1.00
1978     14         8.00
1978     15        37.00
1978     16       187.00
1978     17       616.00
1978     18      1239.49
1978     19      1937.00
1978     20      2621.00
1978     21      3192.49
1978     22      3780.00
1978     23      4313.00
1978     24      4697.00
1978     25      4881.00
1978     26      4888.00
1978     27      4609.00
1978     28      4650.00
1978     29      4366.00
1978     30      3743.00
1978     31      3372.00
1978     32      2903.00
1978     33      1813.00
1978     34      1390.00
1978     35      1104.00
1978     36       935.00
1978     37       758.00
1978     38       625.00
1978     39       492.00
1978     40       321.00
1978     41       215.00
1978     42       128.00
1978     43        72.00
1978     44        43.00
1978     45        22.00
1978     46        15.00
1978     47         5.00
1978     48         2.00
1978     49         2.00
1978     50         1.00
1978     51         0.00
1978     52         0.00
1978     53         0.00
1978     54         0.00
1978     55+        0.00
1979     12-        0.00
1979     13         1.00
1979     14         1.00
1979     15        38.00
1979     16       155.00
1979     17       545.00
1979     18      1066.51
1979     19      1813.00
1979     20      2359.00
1979     21      2995.00
1979     22      3570.00
1979     23      4333.49
1979     24      4573.00
1979     25      4917.00
1979     26      4731.00
1979     27      4581.00
1979     28      4397.00
1979     29      4113.52
1979     30      3827.00
1979     31      3407.00
1979     32      2950.00
1979     33      2479.00
1979     34      1534.00
1979     35      1197.00
1979     36       948.00
1979     37       819.00
1979     38       618.00
1979     39       508.00
1979     40       397.00
1979     41       247.00
1979     42       116.00
1979     43        96.00
1979     44        52.00
1979     45        21.00
1979     46         8.00
1979     47         9.00
1979     48         4.00
1979     49         3.00
1979     50         0.00
1979     51         0.00
1979     52         0.00
1979     53         0.00
1979     54         0.00
1979     55+        0.00
1980     12-        0.00
1980     13         0.00
1980     14         1.00
1980     15        36.00
1980     16       158.00
1980     17       477.00
1980     18      1113.00
1980     19      1743.00
1980     20      2411.49
1980     21      2877.97
1980     22      3416.00
1980     23      4102.51
1980     24      4329.48
1980     25      4765.49
1980     26      4830.00
1980     27      4777.00
1980     28      4335.49
1980     29      3965.48
1980     30      3665.51
1980     31      3333.51
1980     32      2925.00
1980     33      2497.00
1980     34      2143.00
1980     35      1306.00
1980     36      1017.51
1980     37       711.00
1980     38       672.00
1980     39       510.00
1980     40       339.00
1980     41       252.00
1980     42       155.00
1980     43       100.00
1980     44        58.00
1980     45        27.00
1980     46        14.00
1980     47         4.00
1980     48         1.00
1980     49         0.00
1980     50         0.00
1980     51         0.00
1980     52         0.00
1980     53         0.00
1980     54         0.00
1980     55+        0.00
1981     12-        0.00
1981     13         0.00
1981     14         9.00
1981     15        20.00
1981     16       165.46
1981     17       420.00
1981     18       949.46
1981     19      1579.00
1981     20      2213.51
1981     21      2790.94
1981     22      3237.00
1981     23      3787.47
1981     24      4394.48
1981     25      4823.99
1981     26      5003.50
1981     27      4745.49
1981     28      4505.00
1981     29      4155.00
1981     30      3682.50
1981     31      3343.49
1981     32      3021.51
1981     33      2580.00
1981     34      2186.00
1981     35      1828.00
1981     36      1097.49
1981     37       865.06
1981     38       615.00
1981     39       525.00
1981     40       368.00
1981     41       221.00
1981     42       153.00
1981     43        98.00
1981     44        48.00
1981     45        35.00
1981     46         9.00
1981     47         6.00
1981     48         1.00
1981     49         0.00
1981     50         0.00
1981     51         0.00
1981     52         0.00
1981     53         0.00
1981     54         0.00
1981     55+        0.00
1982     12-        0.00
1982     13         0.00
1982     14         4.00
1982     15        25.00
1982     16       138.54
1982     17       416.00
1982     18       891.54
1982     19      1644.00
1982     20      2212.00
1982     21      2740.09
1982     22      3412.00
1982     23      3873.03
1982     24      4480.04
1982     25      4966.01
1982     26      5101.50
1982     27      4992.51
1982     28      4842.03
1982     29      4359.00
1982     30      3941.99
1982     31      3357.00
1982     32      3097.49
1982     33      2693.00
1982     34      2332.00
1982     35      1880.00
1982     36      1605.00
1982     37       890.94
1982     38       672.00
1982     39       477.00
1982     40       400.00
1982     41       265.00
1982     42       174.00
1982     43       118.00
1982     44        64.00
1982     45        30.00
1982     46        15.00
1982     47         5.00
1982     48         1.00
1982     49         1.00
1982     50         0.00
1982     51         0.00
1982     52         0.00
1982     53         0.00
1982     54         0.00
1982     55+        0.00
1983     12-        0.00
1983     13         0.00
1983     14         5.00
1983     15        29.00
1983     16       122.00
1983     17       394.00
1983     18       844.00
1983     19      1458.00
1983     20      2197.00
1983     21      2677.00
1983     22      3104.48
1983     23      3721.50
1983     24      4392.00
1983     25      4829.51
1983     26      5196.00
1983     27      5115.00
1983     28      4705.48
1983     29      4535.00
1983     30      4019.00
1983     31      3699.54
1983     32      3102.00
1983     33      2768.00
1983     34      2418.00
1983     35      2009.00
1983     36      1744.00
1983     37      1394.00
1983     38       760.00
1983     39       591.00
1983     40       373.00
1983     41       284.00
1983     42       157.00
1983     43       115.00
1983     44        49.00
1983     45        29.00
1983     46        16.00
1983     47        10.00
1983     48         3.00
1983     49         2.00
1983     50         0.00
1983     51         0.00
1983     52         0.00
1983     53         0.00
1983     54         0.00
1983     55+        0.00
1984     12-        0.00
1984     13         0.00
1984     14         2.00
1984     15        19.00
1984     16       115.00
1984     17       369.00
1984     18       771.00
1984     19      1415.00
1984     20      1959.50
1984     21      2509.00
1984     22      2990.02
1984     23      3501.00
1984     24      4236.00
1984     25      4530.00
1984     26      4699.51
1984     27      4899.00
1984     28      4829.00
1984     29      4458.00
1984     30      4068.52
1984     31      3489.46
1984     32      3194.00
1984     33      2701.53
1984     34      2335.00
1984     35      2101.00
1984     36      1697.00
1984     37      1421.57
1984     38      1102.00
1984     39       586.00
1984     40       445.00
1984     41       242.00
1984     42       177.00
1984     43       107.00
1984     44        62.00
1984     45        32.00
1984     46        13.00
1984     47         5.00
1984     48         0.00
1984     49         0.00
1984     50         0.00
1984     51         0.00
1984     52         0.00
1984     53         0.00
1984     54         0.00
1984     55+        0.00
1985     12-        0.00
1985     13         1.00
1985     14         3.00
1985     15        25.00
1985     16        94.00
1985     17       330.00
1985     18       635.00
1985     19      1286.00
1985     20      1771.98
1985     21      2348.52
1985     22      2750.49
1985     23      3337.53
1985     24      3916.49
1985     25      4408.50
1985     26      4577.49
1985     27      4710.51
1985     28      4691.02
1985     29      4404.52
1985     30      3984.98
1985     31      3403.02
1985     32      3061.53
1985     33      2672.47
1985     34      2264.05
1985     35      2000.05
1985     36      1766.00
1985     37      1370.43
1985     38      1069.00
1985     39       828.50
1985     40       455.00
1985     41       260.00
1985     42       169.00
1985     43       110.00
1985     44        55.00
1985     45        32.00
1985     46        11.00
1985     47         3.00
1985     48         2.00
1985     49         0.00
1985     50         0.00
1985     51         0.00
1985     52         0.00
1985     53         0.00
1985     54         0.00
1985     55+        0.00
1986     12-        0.00
1986     13         0.00
1986     14         3.00
1986     15        15.00
1986     16        90.00
1986     17       275.41
1986     18       633.00
1986     19      1125.00
1986     20      1678.52
1986     21      2001.46
1986     22      2595.50
1986     23      3068.47
1986     24      3722.51
1986     25      4193.49
1986     26      4547.99
1986     27      4577.99
1986     28      4522.49
1986     29      4372.00
1986     30      3994.50
1986     31      3508.98
1986     32      3074.08
1986     33      2605.00
1986     34      2198.45
1986     35      1895.52
1986     36      1600.05
1986     37      1299.00
1986     38      1032.00
1986     39       823.00
1986     40       518.00
1986     41       284.00
1986     42       184.00
1986     43        99.00
1986     44        62.00
1986     45        29.00
1986     46        17.00
1986     47         6.00
1986     48         2.00
1986     49         0.00
1986     50         1.00
1986     51         0.00
1986     52         0.00
1986     53         0.00
1986     54         0.00
1986     55+        0.00
1987     12-        0.00
1987     13         1.00
1987     14         2.00
1987     15        22.00
1987     16        62.00
1987     17       259.59
1987     18       559.00
1987     19      1019.88
1987     20      1483.01
1987     21      1947.42
1987     22      2386.46
1987     23      2963.40
1987     24      3599.88
1987     25      4121.47
1987     26      4527.48
1987     27      4637.48
1987     28      4437.49
1987     29      4172.45
1987     30      4080.00
1987     31      3622.50
1987     32      2975.39
1987     33      2754.02
1987     34      2259.50
1987     35      1851.95
1987     36      1543.44
1987     37      1288.00
1987     38      1036.59
1987     39       794.50
1987     40       598.50
1987     41       406.00
1987     42       203.00
1987     43       126.00
1987     44        54.00
1987     45        34.00
1987     46         7.00
1987     47         5.00
1987     48         3.00
1987     49         0.00
1987     50         0.00
1987     51         0.00
1987     52         0.00
1987     53         0.00
1987     54         0.00
1987     55+        0.00
1988     12-        0.00
1988     13         1.00
1988     14         1.00
1988     15        22.00
1988     16        79.00
1988     17       244.00
1988     18       507.00
1988     19      1026.42
1988     20      1497.99
1988     21      1939.09
1988     22      2445.31
1988     23      3091.50
1988     24      3718.09
1988     25      4343.95
1988     26      4819.54
1988     27      5012.00
1988     28      4903.51
1988     29      4532.55
1988     30      4185.01
1988     31      3841.58
1988     32      3397.51
1988     33      2830.50
1988     34      2443.54
1988     35      2079.48
1988     36      1679.09
1988     37      1285.73
1988     38      1025.41
1988     39       819.25
1988     40       630.08
1988     41       392.00
1988     42       283.00
1988     43       124.00
1988     44        61.00
1988     45        33.00
1988     46        24.00
1988     47         8.00
1988     48         1.00
1988     49         0.00
1988     50         1.00
1988     51         0.00
1988     52         0.00
1988     53         0.00
1988     54         0.00
1988     55+        0.00
1989     12-        0.00
1989     13         0.00
1989     14         1.00
1989     15        19.00
1989     16        63.00
1989     17       231.00
1989     18       477.00
1989     19       954.70
1989     20      1374.46
1989     21      1911.90
1989     22      2429.69
1989     23      3022.10
1989     24      3651.51
1989     25      4478.51
1989     26      4697.40
1989     27      4947.01
1989     28      5067.98
1989     29      4731.48
1989     30      4349.98
1989     31      3820.97
1989     32      3397.49
1989     33      2910.52
1989     34      2483.95
1989     35      2114.00
1989     36      1585.42
1989     37      1265.27
1989     38       960.00
1989     39       835.37
1989     40       627.47
1989     41       394.00
1989     42       275.00
1989     43       161.00
1989     44        61.00
1989     45        34.00
1989     46         9.00
1989     47         9.00
1989     48         1.00
1989     49         0.00
1989     50         1.00
1989     51         0.00
1989     52         0.00
1989     53         0.00
1989     54         0.00
1989     55+        0.00
1990     12-        0.00
1990     13         0.00
1990     14         3.00
1990     15        19.00
1990     16        84.00
1990     17       259.00
1990     18       471.43
1990     19       992.00
1990     20      1457.54
1990     21      1870.10
1990     22      2336.54
1990     23      3007.00
1990     24      3558.91
1990     25      4354.57
1990     26      4916.05
1990     27      5176.52
1990     28      5207.99
1990     29      4948.00
1990     30      4574.96
1990     31      4020.99
1990     32      3472.51
1990     33      3013.50
1990     34      2655.02
1990     35      2265.07
1990     36      1792.55
1990     37      1421.49
1990     38      1070.00
1990     39       831.92
1990     40       688.50
1990     41       426.00
1990     42       301.00
1990     43       168.00
1990     44       111.00
1990     45        33.00
1990     46        19.00
1990     47         3.00
1990     48         1.00
1990     49         0.00
1990     50         0.00
1990     51         0.00
1990     52         0.00
1990     53         0.00
1990     54         0.00
1990     55+        0.00
1991     12-        0.00
1991     13         0.00
1991     14        10.00
1991     15        18.00
1991     16        99.00
1991     17       256.00
1991     18       486.57
1991     19       966.00
1991     20      1332.48
1991     21      1779.45
1991     22      2277.02
1991     23      2909.00
1991     24      3721.08
1991     25      4400.02
1991     26      4842.54
1991     27      5173.94
1991     28      5178.42
1991     29      4972.00
1991     30      4644.13
1991     31      4215.54
1991     32      3470.52
1991     33      3047.52
1991     34      2663.50
1991     35      2230.99
1991     36      1771.51
1991     37      1439.51
1991     38      1089.00
1991     39       801.46
1991     40       566.45
1991     41       419.00
1991     42       309.00
1991     43       168.00
1991     44        88.00
1991     45        49.00
1991     46         8.00
1991     47         4.00
1991     48         1.00
1991     49         0.00
1991     50         0.00
1991     51         0.00
1991     52         0.00
1991     53         0.00
1991     54         0.00
1991     55+        0.00
1992     12-        0.00
1992     13         0.00
1992     14         5.25
1992     15        15.00
1992     16       106.00
1992     17       264.00
1992     18       507.45
1992     19       901.45
1992     20      1319.01
1992     21      1755.06
1992     22      2210.92
1992     23      2841.80
1992     24      3614.30
1992     25      4294.13
1992     26      4974.50
1992     27      5296.47
1992     28      5490.63
1992     29      5224.15
1992     30      4779.49
1992     31      4287.15
1992     32      3741.55
1992     33      3193.55
1992     34      2613.56
1992     35      2280.51
1992     36      1896.51
1992     37      1441.00
1992     38      1152.62
1992     39       849.97
1992     40       617.69
1992     41       432.00
1992     42       294.54
1992     43       193.00
1992     44        87.28
1992     45        55.00
1992     46        31.00
1992     47         3.00
1992     48         1.00
1992     49         0.00
1992     50         0.00
1992     51         0.00
1992     52         0.00
1992     53         0.00
1992     54         0.00
1992     55+        0.00
1993     12-        0.00
1993     13         0.00
1993     14         3.75
1993     15        17.00
1993     16        87.00
1993     17       241.49
1993     18       465.55
1993     19       842.55
1993     20      1204.51
1993     21      1613.95
1993     22      2117.06
1993     23      2615.63
1993     24      3432.67
1993     25      4157.24
1993     26      4833.04
1993     27      5081.03
1993     28      5234.55
1993     29      5144.37
1993     30      4879.55
1993     31      4245.38
1993     32      3803.43
1993     33      3139.43
1993     34      2640.99
1993     35      2208.44
1993     36      1787.51
1993     37      1486.53
1993     38      1075.94
1993     39       868.03
1993     40       615.31
1993     41       394.60
1993     42       266.46
1993     43       170.00
1993     44       102.72
1993     45        49.00
1993     46        14.00
1993     47        17.00
1993     48         1.00
1993     49         1.00
1993     50         1.00
1993     51         0.00
1993     52         0.00
1993     53         0.00
1993     54         0.00
1993     55+        0.00
1994     12-        0.00
1994     13         2.00
1994     14         1.00
1994     15        13.00
1994     16        66.00
1994     17       197.51
1994     18       427.00
1994     19       900.46
1994     20      1222.00
1994     21      1564.55
1994     22      2006.51
1994     23      2604.57
1994     24      3203.56
1994     25      4056.62
1994     26      4786.12
1994     27      4948.57
1994     28      5091.44
1994     29      5190.59
1994     30      4874.95
1994     31      4504.94
1994     32      3923.03
1994     33      3389.97
1994     34      2809.99
1994     35      2347.99
1994     36      1905.42
1994     37      1519.47
1994     38      1152.58
1994     39       849.50
1994     40       602.00
1994     41       387.40
1994     42       292.00
1994     43       177.00
1994     44        96.00
1994     45        44.00
1994     46        28.00
1994     47         8.00
1994     48         5.00
1994     49         1.00
1994     50         1.00
1994     51         1.00
1994     52         0.00
1994     53         0.00
1994     54         0.00
1994     55+        0.00
1995     12-        0.00
1995     13         0.00
1995     14         3.00
1995     15        13.00
1995     16        67.00
1995     17       196.00
1995     18       429.00
1995     19       859.99
1995     20      1244.48
1995     21      1470.80
1995     22      1871.00
1995     23      2363.97
1995     24      2903.02
1995     25      3640.00
1995     26      4117.86
1995     27      4878.08
1995     28      4903.50
1995     29      4944.96
1995     30      4725.96
1995     31      4555.60
1995     32      3905.66
1995     33      3410.50
1995     34      2955.01
1995     35      2315.54
1995     36      1932.03
1995     37      1508.05
1995     38      1152.89
1995     39       965.50
1995     40       650.00
1995     41       468.00
1995     42       275.00
1995     43       167.04
1995     44        89.00
1995     45        55.00
1995     46        22.00
1995     47         9.00
1995     48         1.00
1995     49         2.00
1995     50         0.00
1995     51         0.00
1995     52         0.00
1995     53         0.00
1995     54         0.00
1995     55+        0.00
1996     12-        1.00
1996     13         0.00
1996     14         2.00
1996     15        12.00
1996     16        75.00
1996     17       218.00
1996     18       424.00
1996     19       827.98
1996     20      1264.52
1996     21      1617.70
1996     22      1872.00
1996     23      2093.95
1996     24      2727.95
1996     25      3325.96
1996     26      3848.00
1996     27      4276.88
1996     28      4763.48
1996     29      4704.97
1996     30      4601.10
1996     31      4187.37
1996     32      3870.92
1996     33      3362.68
1996     34      2894.55
1996     35      2415.08
1996     36      1956.62
1996     37      1538.50
1996     38      1207.49
1996     39       944.55
1996     40       674.00
1996     41       412.61
1996     42       275.00
1996     43       159.41
1996     44        85.00
1996     45        43.00
1996     46        24.00
1996     47        10.00
1996     48         5.00
1996     49         0.00
1996     50         0.00
1996     51         0.00
1996     52         0.00
1996     53         0.00
1996     54         0.00
1996     55+        0.00
1997     12-        0.00
1997     13         0.00
1997     14         4.00
1997     15        10.00
1997     16        56.00
1997     17       174.00
1997     18       359.00
1997     19       842.02
1997     20      1268.03
1997     21      1610.46
1997     22      1860.00
1997     23      2231.08
1997     24      2568.54
1997     25      3181.09
1997     26      3537.46
1997     27      4050.09
1997     28      4392.99
1997     29      4653.05
1997     30      4425.37
1997     31      4143.02
1997     32      3715.34
1997     33      3388.91
1997     34      2884.44
1997     35      2409.43
1997     36      2077.06
1997     37      1589.55
1997     38      1236.48
1997     39       876.42
1997     40       675.96
1997     41       434.39
1997     42       293.00
1997     43       166.55
1997     44       109.00
1997     45        55.00
1997     46        26.00
1997     47        17.00
1997     48         7.00
1997     49         3.00
1997     50         0.00
1997     51         0.00
1997     52         0.00
1997     53         0.00
1997     54         0.00
1997     55+        0.00
1998     12-        0.00
1998     13         0.00
1998     14         4.00
1998     15        19.00
1998     16        59.00
1998     17       172.40
1998     18       407.00
1998     19       823.55
1998     20      1162.42
1998     21      1533.54
1998     22      1914.00
1998     23      2262.13
1998     24      2503.96
1998     25      2787.45
1998     26      3382.01
1998     27      3736.92
1998     28      3937.58
1998     29      4109.99
1998     30      4317.57
1998     31      4046.01
1998     32      3663.07
1998     33      3347.99
1998     34      2862.09
1998     35      2438.09
1998     36      2033.34
1998     37      1548.55
1998     38      1195.54
1998     39      1000.57
1998     40       667.57
1998     41       466.00
1998     42       313.00
1998     43       179.00
1998     44        94.00
1998     45        52.00
1998     46        34.00
1998     47        14.00
1998     48         3.00
1998     49         1.00
1998     50         0.00
1998     51         0.00
1998     52         1.00
1998     53         0.00
1998     54         0.00
1998     55+        0.00
1999     12-        0.00
1999     13         0.00
1999     14         4.00
1999     15        16.00
1999     16        80.00
1999     17       171.60
1999     18       410.00
1999     19       879.00
1999     20      1267.55
1999     21      1579.50
1999     22      1961.47
1999     23      2277.78
1999     24      2719.50
1999     25      2896.49
1999     26      3139.51
1999     27      3632.01
1999     28      3832.43
1999     29      3995.46
1999     30      4128.93
1999     31      4162.55
1999     32      3737.15
1999     33      3305.96
1999     34      2856.87
1999     35      2459.88
1999     36      2186.50
1999     37      1662.48
1999     38      1362.02
1999     39      1000.01
1999     40       702.47
1999     41       469.00
1999     42       299.00
1999     43       200.00
1999     44        90.00
1999     45        48.00
1999     46        19.00
1999     47        12.00
1999     48         5.00
1999     49         1.00
1999     50         1.00
1999     51         0.00
1999     52         0.00
1999     53         0.00
1999     54         0.00
1999     55+        0.00
2000     12-        0.00
2000     13         0.00
2000     14         3.00
2000     15        25.00
2000     16        86.00
2000     17       238.00
2000     18       439.00
2000     19       827.00
2000     20      1272.40
2000     21      1547.43
2000     22      1897.97
2000     23      2284.57
2000     24      2690.48
2000     25      3107.00
2000     26      3257.01
2000     27      3363.01
2000     28      3684.01
2000     29      3813.46
2000     30      3881.57
2000     31      3921.47
2000     32      3651.82
2000     33      3341.48
2000     34      2927.04
2000     35      2538.10
2000     36      2112.95
2000     37      1646.99
2000     38      1305.44
2000     39      1019.00
2000     40       712.57
2000     41       449.00
2000     42       291.00
2000     43       200.00
2000     44       100.00
2000     45        51.00
2000     46        23.00
2000     47        15.00
2000     48         2.00
2000     49         2.00
2000     50         3.00
2000     51         0.00
2000     52         0.00
2000     53         0.00
2000     54         0.00
2000     55+        0.00
2001     12-        0.00
2001     13         1.00
2001     14         5.00
2001     15        28.00
2001     16        74.00
2001     17       242.00
2001     18       468.00
2001     19       902.00
2001     20      1223.60
2001     21      1476.55
2001     22      1875.06
2001     23      2252.42
2001     24      2715.55
2001     25      3217.01
2001     26      3368.98
2001     27      3487.49
2001     28      3422.49
2001     29      3695.49
2001     30      3687.93
2001     31      3585.58
2001     32      3510.10
2001     33      3332.01
2001     34      2914.50
2001     35      2536.91
2001     36      2128.65
2001     37      1697.37
2001     38      1396.00
2001     39      1035.00
2001     40       736.06
2001     41       496.00
2001     42       267.00
2001     43       199.00
2001     44       111.00
2001     45        51.00
2001     46        25.00
2001     47         8.00
2001     48         9.00
2001     49         1.00
2001     50         2.00
2001     51         0.00
2001     52         1.00
2001     53         0.00
2001     54         0.00
2001     55+        0.00
2002     12-        0.00
2002     13         0.00
2002     14         3.00
2002     15        23.00
2002     16        74.00
2002     17       257.00
2002     18       477.00
2002     19       951.41
2002     20      1258.00
2002     21      1500.04
2002     22      1746.97
2002     23      2101.10
2002     24      2522.00
2002     25      3169.01
2002     26      3445.01
2002     27      3572.46
2002     28      3631.51
2002     29      3498.47
2002     30      3769.50
2002     31      3469.36
2002     32      3257.90
2002     33      3168.54
2002     34      2896.56
2002     35      2577.57
2002     36      2080.35
2002     37      1701.15
2002     38      1363.51
2002     39      1091.48
2002     40       733.37
2002     41       508.43
2002     42       301.00
2002     43       185.60
2002     44       103.65
2002     45        51.00
2002     46        43.00
2002     47        11.00
2002     48         8.00
2002     49         4.00
2002     50         0.00
2002     51         0.00
2002     52         0.00
2002     53         0.00
2002     54         0.00
2002     55+        0.00
2003     12-        0.00
2003     13         1.00
2003     14         3.00
2003     15        18.00
2003     16        68.31
2003     17       218.00
2003     18       449.42
2003     19       875.03
2003     20      1299.00
2003     21      1484.98
2003     22      1770.53
2003     23      2082.03
2003     24      2520.48
2003     25      3026.47
2003     26      3512.01
2003     27      3963.59
2003     28      3958.46
2003     29      3791.04
2003     30      3554.49
2003     31      3706.61
2003     32      3338.00
2003     33      3069.45
2003     34      2808.46
2003     35      2622.40
2003     36      2190.47
2003     37      1728.90
2003     38      1339.54
2003     39      1102.97
2003     40       800.00
2003     41       534.57
2003     42       349.00
2003     43       206.40
2003     44       115.35
2003     45        60.00
2003     46        27.00
2003     47         9.00
2003     48         1.00
2003     49         1.00
2003     50         2.00
2003     51         1.00
2003     52         0.00
2003     53         0.00
2003     54         0.00
2003     55+        0.00
2004     12-        0.00
2004     13         0.00
2004     14         4.00
2004     15        21.00
2004     16        60.69
2004     17       227.46
2004     18       422.58
2004     19       923.56
2004     20      1322.00
2004     21      1624.50
2004     22      1892.00
2004     23      2021.44
2004     24      2553.92
2004     25      2904.96
2004     26      3507.90
2004     27      3903.43
2004     28      4189.49
2004     29      4161.03
2004     30      3837.05
2004     31      3467.91
2004     32      3422.00
2004     33      3147.02
2004     34      2863.51
2004     35      2548.08
2004     36      2251.53
2004     37      1782.00
2004     38      1427.51
2004     39      1085.00
2004     40       844.00
2004     41       564.49
2004     42       369.00
2004     43       189.00
2004     44        93.00
2004     45        57.00
2004     46        27.00
2004     47        12.00
2004     48         5.00
2004     49         2.00
2004     50         4.00
2004     51         0.00
2004     52         0.00
2004     53         0.00
2004     54         0.00
2004     55+        0.00
2005     12-        0.00
2005     13         0.00
2005     14         5.00
2005     15        20.00
2005     16        71.00
2005     17       183.54
2005     18       409.00
2005     19       918.00
2005     20      1276.37
2005     21      1626.00
2005     22      1933.51
2005     23      2123.53
2005     24      2403.60
2005     25      2808.46
2005     26      3464.54
2005     27      3882.01
2005     28      4199.07
2005     29      4440.97
2005     30      4121.44
2005     31      3747.96
2005     32      3289.00
2005     33      3016.45
2005     34      2772.42
2005     35      2368.92
2005     36      2211.00
2005     37      1838.46
2005     38      1390.44
2005     39      1101.00
2005     40       805.58
2005     41       537.51
2005     42       349.00
2005     43       224.00
2005     44        87.00
2005     45        57.00
2005     46        36.00
2005     47         8.00
2005     48         5.00
2005     49         5.00
2005     50         0.00
2005     51         0.00
2005     52         0.00
2005     53         0.00
2005     54         0.00
2005     55+        0.00
2006     12-        0.00
2006     13         0.00
2006     14         3.00
2006     15         6.00
2006     16        76.00
2006     17       201.00
2006     18       365.00
2006     19       843.00
2006     20      1206.13
2006     21      1573.00
2006     22      1902.49
2006     23      2218.49
2006     24      2604.00
2006     25      3000.12
2006     26      3502.55
2006     27      3789.51
2006     28      4139.97
2006     29      4456.00
2006     30      4382.49
2006     31      4088.51
2006     32      3606.54
2006     33      3012.00
2006     34      2829.50
2006     35      2467.53
2006     36      2058.00
2006     37      1771.00
2006     38      1520.00
2006     39      1080.00
2006     40       812.42
2006     41       565.00
2006     42       348.00
2006     43       196.00
2006     44       115.00
2006     45        55.00
2006     46        19.00
2006     47         9.00
2006     48         2.00
2006     49         0.00
2006     50         0.00
2006     51         0.00
2006     52         4.00
2006     53         0.00
2006     54         0.00
2006     55+        0.00
2007     12-        0.00
2007     13         0.00
2007     14         2.00
2007     15        13.00
2007     16        62.00
2007     17       193.00
2007     18       355.00
2007     19       841.00
2007     20      1147.50
2007     21      1550.00
2007     22      1851.00
2007     23      2266.51
2007     24      2652.00
2007     25      2996.48
2007     26      3441.50
2007     27      3768.50
2007     28      4077.97
2007     29      4383.48
2007     30      4309.05
2007     31      4234.54
2007     32      3751.46
2007     33      3241.55
2007     34      2671.05
2007     35      2491.47
2007     36      2088.52
2007     37      1657.55
2007     38      1410.00
2007     39      1075.53
2007     40       856.00
2007     41       550.00
2007     42       373.00
2007     43       212.00
2007     44       104.57
2007     45        52.00
2007     46        28.00
2007     47        12.00
2007     48         5.00
2007     49         1.00
2007     50         3.00
2007     51         0.00
2007     52         0.00
2007     53         0.00
2007     54         0.00
2007     55+        0.00
2008     12-        0.00
2008     13         0.00
2008     14         4.00
2008     15        10.00
2008     16        45.00
2008     17       174.00
2008     18       366.00
2008     19       810.45
2008     20      1198.00
2008     21      1526.00
2008     22      1780.00
2008     23      2229.49
2008     24      2664.96
2008     25      3092.00
2008     26      3477.00
2008     27      3776.99
2008     28      4161.53
2008     29      4323.52
2008     30      4392.48
2008     31      4286.48
2008     32      4002.04
2008     33      3466.93
2008     34      2901.98
2008     35      2371.50
2008     36      2051.48
2008     37      1713.45
2008     38      1398.00
2008     39      1116.05
2008     40       856.57
2008     41       542.00
2008     42       332.00
2008     43       237.00
2008     44       116.43
2008     45        53.00
2008     46        32.00
2008     47        12.00
2008     48         2.00
2008     49         4.00
2008     50         1.00
2008     51         2.00
2008     52         0.00
2008     53         0.00
2008     54         0.00
2008     55+        0.00
2009     12-        0.00
2009     13         0.00
2009     14         4.00
2009     15        18.00
2009     16        51.00
2009     17       136.00
2009     18       369.00
2009     19       813.55
2009     20      1207.00
2009     21      1532.00
2009     22      1848.00
2009     23      2210.51
2009     24      2627.04
2009     25      3166.48
2009     26      3673.02
2009     27      4008.51
2009     28      4141.00
2009     29      4291.00
2009     30      4304.01
2009     31      4301.50
2009     32      4032.50
2009     33      3729.16
2009     34      3165.55
2009     35      2525.50
2009     36      2060.57
2009     37      1647.00
2009     38      1292.57
2009     39      1066.00
2009     40       838.43
2009     41       599.00
2009     42       344.00
2009     43       242.00
2009     44       113.00
2009     45        45.00
2009     46        18.00
2009     47        11.00
2009     48         3.00
2009     49         2.00
2009     50         1.00
2009     51         0.00
2009     52         0.00
2009     53         2.00
2009     54         0.00
2009     55+        0.00
2010     12-        0.00
2010     13         1.00
2010     14         2.00
2010     15        10.00
2010     16        53.00
2010     17       159.00
2010     18       333.44
2010     19       821.86
2010     20      1209.00
2010     21      1499.00
2010     22      1884.00
2010     23      2019.00
2010     24      2481.00
2010     25      3123.52
2010     26      3660.98
2010     27      4080.02
2010     28      4377.00
2010     29      4383.00
2010     30      4441.52
2010     31      4398.04
2010     32      4071.48
2010     33      3718.92
2010     34      3184.97
2010     35      2670.00
2010     36      2220.43
2010     37      1576.54
2010     38      1383.98
2010     39      1080.42
2010     40       792.52
2010     41       544.00
2010     42       376.00
2010     43       189.00
2010     44       114.00
2010     45        52.00
2010     46        40.00
2010     47        16.00
2010     48        10.00
2010     49         1.00
2010     50         3.00
2010     51         0.00
2010     52         2.00
2010     53         0.00
2010     54         0.00
2010     55+        0.00
2011     12-        0.00
2011     13         1.00
2011     14         1.00
2011     15        11.00
2011     16        54.00
2011     17       106.00
2011     18       321.56
2011     19       754.14
2011     20      1181.00
2011     21      1468.00
2011     22      1744.00
2011     23      1983.00
2011     24      2463.00
2011     25      2907.00
2011     26      3458.99
2011     27      3869.40
2011     28      4361.00
2011     29      4419.00
2011     30      4292.47
2011     31      4281.96
2011     32      4054.03
2011     33      3590.44
2011     34      3338.95
2011     35      2891.55
2011     36      2183.00
2011     37      1704.46
2011     38      1320.45
2011     39      1011.00
2011     40       812.48
2011     41       534.00
2011     42       343.00
2011     43       241.00
2011     44       120.00
2011     45        68.00
2011     46        36.00
2011     47        12.00
2011     48         8.00
2011     49         1.00
2011     50         1.00
2011     51         0.00
2011     52         2.00
2011     53         0.00
2011     54         0.00
2011     55+        0.00
2012     12-        0.00
2012     13         0.00
2012     14         4.00
2012     15         9.00
2012     16        36.00
2012     17       150.00
2012     18       289.00
2012     19       707.00
2012     20      1103.00
2012     21      1470.00
2012     22      1811.00
2012     23      2004.47
2012     24      2428.00
2012     25      2786.00
2012     26      3289.01
2012     27      3884.58
2012     28      4223.00
2012     29      4342.00
2012     30      4196.50
2012     31      4193.48
2012     32      3932.95
2012     33      3682.00
2012     34      3295.00
2012     35      2824.99
2012     36      2412.00
2012     37      1884.00
2012     38      1378.00
2012     39       964.00
2012     40       806.00
2012     41       533.00
2012     42       380.00
2012     43       220.00
2012     44       110.00
2012     45        68.00
2012     46        27.00
2012     47        13.00
2012     48        16.00
2012     49         4.00
2012     50         3.00
2012     51         1.00
2012     52         1.00
2012     53         0.00
2012     54         0.00
2012     55+        0.00
2013     12-        0.00
2013     13         0.00
2013     14         3.00
2013     15         6.00
2013     16        42.00
2013     17       127.00
2013     18       289.00
2013     19       673.00
2013     20      1020.00
2013     21      1366.00
2013     22      1682.51
2013     23      2048.03
2013     24      2326.45
2013     25      2730.00
2013     26      2952.49
2013     27      3495.00
2013     28      3984.00
2013     29      4377.04
2013     30      4484.55
2013     31      4245.00
2013     32      3816.00
2013     33      3591.00
2013     34      3180.00
2013     35      2791.98
2013     36      2398.55
2013     37      1972.58
2013     38      1444.00
2013     39      1016.56
2013     40       774.06
2013     41       509.00
2013     42       329.00
2013     43       228.00
2013     44       125.00
2013     45        48.00
2013     46        35.00
2013     47        19.00
2013     48         5.00
2013     49         1.00
2013     50         3.00
2013     51         1.00
2013     52         0.00
2013     53         0.00
2013     54         0.00
2013     55+        0.00
2014     12-        0.00
2014     13         0.00
2014     14         1.00
2014     15        14.00
2014     16        36.39
2014     17       113.00
2014     18       248.00
2014     19       689.00
2014     20      1006.00
2014     21      1362.00
2014     22      1615.49
2014     23      1938.50
2014     24      2339.55
2014     25      2696.00
2014     26      3105.02
2014     27      3403.00
2014     28      3820.00
2014     29      4136.96
2014     30      4232.45
2014     31      4212.02
2014     32      3935.00
2014     33      3493.51
2014     34      3143.00
2014     35      2837.59
2014     36      2388.45
2014     37      1873.42
2014     38      1449.59
2014     39      1112.95
2014     40       775.94
2014     41       479.00
2014     42       346.00
2014     43       182.00
2014     44       115.00
2014     45        90.00
2014     46        26.00
2014     47        14.00
2014     48         3.00
2014     49         6.00
2014     50         1.00
2014     51         2.00
2014     52         2.00
2014     53         0.00
2014     54         0.00
2014     55+        1.00
2015     12-        0.00
2015     13         0.00
2015     14         6.00
2015     15         6.00
2015     16        34.61
2015     17       120.00
2015     18       209.00
2015     19       545.47
2015     20       902.00
2015     21      1183.00
2015     22      1571.09
2015     23      1831.00
2015     24      2234.00
2015     25      2669.00
2015     26      3009.49
2015     27      3365.48
2015     28      3537.00
2015     29      3709.00
2015     30      4148.50
2015     31      4231.98
2015     32      3912.06
2015     33      3568.00
2015     34      3103.54
2015     35      2744.44
2015     36      2280.54
2015     37      1911.00
2015     38      1454.41
2015     39      1179.49
2015     40       790.00
2015     41       468.00
2015     42       315.00
2015     43       199.00
2015     44       107.00
2015     45        56.00
2015     46        34.00
2015     47        14.00
2015     48         9.00
2015     49         1.00
2015     50         3.00
2015     51         0.00
2015     52         0.00
2015     53         0.00
2015     54         0.00
2015     55+        0.00
2016     12-        0.00
2016     13         0.00
2016     14         1.00
2016     15        16.00
2016     16        30.00
2016     17        95.00
2016     18       188.00
2016     19       475.53
2016     20       779.00
2016     21      1123.00
2016     22      1296.91
2016     23      1756.00
2016     24      2164.00
2016     25      2429.47
2016     26      2857.52
2016     27      3187.54
2016     28      3423.51
2016     29      3618.05
2016     30      3672.52
2016     31      3915.51
2016     32      3633.03
2016     33      3422.49
2016     34      3005.54
2016     35      2607.98
2016     36      2291.46
2016     37      1776.53
2016     38      1540.00
2016     39      1169.54
2016     40       849.52
2016     41       643.00
2016     42       378.00
2016     43       229.00
2016     44       103.00
2016     45        71.00
2016     46        29.00
2016     47        17.00
2016     48         8.00
2016     49         6.00
2016     50         6.00
2016     51         2.00
2016     52         1.00
2016     53         0.00
2016     54         2.00
2016     55+        0.00
2017     12-        0.00
2017     13         0.00
2017     14         0.00
2017     15         5.00
2017     16        29.00
2017     17        66.00
2017     18       185.00
2017     19       417.00
2017     20       695.00
2017     21       947.00
2017     22      1275.00
2017     23      1583.00
2017     24      1862.06
2017     25      2346.53
2017     26      2648.48
2017     27      2973.48
2017     28      3312.48
2017     29      3454.95
2017     30      3441.48
2017     31      3711.70
2017     32      3501.89
2017     33      3455.00
2017     34      3011.92
2017     35      2540.99
2017     36      2219.07
2017     37      1783.47
2017     38      1479.00
2017     39      1103.05
2017     40       819.48
2017     41       592.62
2017     42       385.00
2017     43       221.00
2017     44       115.00
2017     45        65.00
2017     46        36.00
2017     47        23.00
2017     48         3.00
2017     49         4.00
2017     50         7.00
2017     51         3.00
2017     52         1.00
2017     53         1.00
2017     54         1.00
2017     55+        1.00
2018     12-        0.00
2018     13         0.00
2018     14         0.00
2018     15         9.00
2018     16        23.00
2018     17        76.00
2018     18       164.00
2018     19       350.00
2018     20       607.00
2018     21       871.50
2018     22      1071.52
2018     23      1402.44
2018     24      1741.46
2018     25      2155.00
2018     26      2512.00
2018     27      2765.03
2018     28      3167.01
2018     29      3294.00
2018     30      3468.00
2018     31      3397.86
2018     32      3253.06
2018     33      3039.08
2018     34      2915.55
2018     35      2615.48
2018     36      2174.46
2018     37      1758.00
2018     38      1418.00
2018     39      1131.41
2018     40       809.56
2018     41       555.38
2018     42       390.00
2018     43       214.00
2018     44       115.00
2018     45        52.00
2018     46        29.00
2018     47        16.00
2018     48         7.00
2018     49         4.00
2018     50         3.00
2018     51         2.00
2018     52         2.00
2018     53         1.00
2018     54         0.00
2018     55+        0.00
2019     12-        0.00
2019     13         1.00
2019     14         0.00
2019     15        10.00
2019     16        17.00
2019     17        58.00
2019     18       147.39
2019     19       360.00
2019     20       522.00
2019     21       783.50
2019     22       977.48
2019     23      1341.56
2019     24      1588.48
2019     25      1944.00
2019     26      2338.00
2019     27      2621.99
2019     28      2934.00
2019     29      3209.00
2019     30      3323.00
2019     31      3370.93
2019     32      3106.96
2019     33      2912.92
2019     34      2842.99
2019     35      2605.52
2019     36      2298.02
2019     37      1702.00
2019     38      1317.00
2019     39      1062.00
2019     40       798.44
2019     41       554.00
2019     42       343.00
2019     43       211.00
2019     44       146.00
2019     45        89.00
2019     46        38.00
2019     47        18.50
2019     48        10.00
2019     49         2.00
2019     50         3.00
2019     51         0.00
2019     52         0.00
2019     53         0.00
2019     54         0.00
2019     55+        0.00
2020     12-        1.00
2020     13         0.00
2020     14         2.00
2020     15         9.00
2020     16        28.00
2020     17        59.00
2020     18       162.61
2020     19       302.49
2020     20       537.49
2020     21       699.00
2020     22       980.51
2020     23      1201.50
2020     24      1480.00
2020     25      1971.98
2020     26      2271.49
2020     27      2705.46
2020     28      2987.46
2020     29      3291.47
2020     30      3521.98
2020     31      3565.48
2020     32      3347.00
2020     33      2981.99
2020     34      2786.95
2020     35      2590.00
2020     36      2259.47
2020     37      1880.55
2020     38      1422.51
2020     39      1151.47
2020     40       843.54
2020     41       561.01
2020     42       344.55
2020     43       232.00
2020     44       135.00
2020     45        78.00
2020     46        34.00
2020     47        14.50
2020     48         7.00
2020     49         5.00
2020     50         4.00
2020     51         1.00
2020     52         0.00
2020     53         1.00
2020     54         2.00
2020     55+        1.00
2021     12-        0.00
2021     13         0.00
2021     14         1.00
2021     15         4.00
2021     16        27.00
2021     17        78.00
2021     18       151.00
2021     19       281.51
2021     20       485.51
2021     21       664.52
2021     22       878.49
2021     23      1107.50
2021     24      1435.00
2021     25      1887.02
2021     26      2278.51
2021     27      2709.02
2021     28      3241.07
2021     29      3564.53
2021     30      3790.55
2021     31      3967.20
2021     32      3736.08
2021     33      3389.54
2021     34      3077.18
2021     35      2781.18
2021     36      2429.98
2021     37      1998.98
2021     38      1723.57
2021     39      1239.53
2021     40      1006.46
2021     41       676.99
2021     42       400.45
2021     43       267.00
2021     44       147.00
2021     45        77.00
2021     46        45.00
2021     47        25.00
2021     48         7.00
2021     49         7.00
2021     50         2.00
2021     51         1.00
2021     52         0.00
2021     53         0.00
2021     54         2.00
2021     55+        0.00
2022     12-        0.00
2022     13         0.00
2022     14         0.00
2022     15         5.00
2022     16        15.00
2022     17        68.00
2022     18       134.00
2022     19       265.00
2022     20       468.00
2022     21       639.48
2022     22       810.00
2022     23      1000.00
2022     24      1256.00
2022     25      1592.00
2022     26      1997.00
2022     27      2462.00
2022     28      2764.47
2022     29      3294.00
2022     30      3365.47
2022     31      3568.32
2022     32      3346.92
2022     33      3148.47
2022     34      2818.33
2022     35      2539.30
2022     36      2179.00
2022     37      1862.47
2022     38      1544.92
2022     39      1206.00
2022     40       948.00
2022     41       649.00
2022     42       391.00
2022     43       233.00
2022     44       170.00
2022     45        88.00
2022     46        45.00
2022     47        31.00
2022     48        12.00
2022     49         8.00
2022     50         0.00
2022     51         2.00
2022     52         0.00
2022     53         0.00
2022     54         0.00
2022     55+        0.00
