Norway, Live births by calendar year and age (Lexis squares, age in completed years (ACY))
Last modified: 19/04/2023
Year    Age        Total
1967     12-        1.00
1967     13         0.00
1967     14         3.00
1967     15        27.03
1967     16       217.20
1967     17       759.70
1967     18      1911.76
1967     19      3144.90
1967     20      4557.21
1967     21      5238.83
1967     22      5374.96
1967     23      5213.81
1967     24      4725.36
1967     25      4220.89
1967     26      3657.38
1967     27      3677.39
1967     28      3167.92
1967     29      2839.62
1967     30      2485.29
1967     31      2157.99
1967     32      1888.75
1967     33      1734.60
1967     34      1584.46
1967     35      1418.31
1967     36      1318.22
1967     37      1039.96
1967     38       960.89
1967     39       808.74
1967     40       665.62
1967     41       456.42
1967     42       350.32
1967     43       225.20
1967     44       136.13
1967     45        78.08
1967     46        41.03
1967     47        31.03
1967     48         6.00
1967     49         1.00
1967     50         0.45
1967     51         0.27
1967     52         0.16
1967     53         0.09
1967     54         0.03
1967     55+        0.00
1968     12-        0.00
1968     13         0.00
1968     14         2.00
1968     15        30.02
1968     16       198.11
1968     17       935.53
1968     18      1928.09
1968     19      3211.81
1968     20      4445.51
1968     21      5268.97
1968     22      5757.25
1968     23      5600.16
1968     24      5218.94
1968     25      4613.60
1968     26      4009.26
1968     27      3501.97
1968     28      3333.88
1968     29      2892.63
1968     30      2497.41
1968     31      2115.19
1968     32      1889.07
1968     33      1670.95
1968     34      1377.78
1968     35      1240.70
1968     36      1210.69
1968     37      1032.59
1968     38       864.49
1968     39       698.40
1968     40       586.34
1968     41       427.24
1968     42       285.16
1968     43       224.13
1968     44       131.07
1968     45        64.03
1968     46        46.02
1968     47        20.02
1968     48         5.00
1968     49         2.00
1968     50         1.80
1968     51         1.21
1968     52         0.63
1968     53         0.29
1968     54         0.08
1968     55+        0.00
1969     12-        1.00
1969     13         0.00
1969     14         6.00
1969     15        31.01
1969     16       242.07
1969     17       939.28
1969     18      2039.60
1969     19      3190.94
1969     20      4148.22
1969     21      5214.54
1969     22      5712.68
1969     23      5942.76
1969     24      5564.64
1969     25      4994.48
1969     26      4149.22
1969     27      3741.10
1969     28      2986.89
1969     29      2919.86
1969     30      2537.75
1969     31      2208.65
1969     32      1823.54
1969     33      1530.45
1969     34      1378.41
1969     35      1236.36
1969     36      1087.32
1969     37       933.28
1969     38       859.26
1969     39       671.19
1969     40       497.14
1969     41       425.12
1969     42       297.09
1969     43       193.06
1969     44       117.04
1969     45        69.02
1969     46        26.00
1969     47        13.00
1969     48         1.00
1969     49         2.00
1969     50         0.47
1969     51         0.28
1969     52         0.15
1969     53         0.07
1969     54         0.03
1969     55+        0.00
1970     12-        0.00
1970     13         1.00
1970     14         8.00
1970     15        53.03
1970     16       265.11
1970     17       984.41
1970     18      2064.87
1970     19      3114.30
1970     20      4068.70
1970     21      4652.94
1970     22      5307.22
1970     23      5614.35
1970     24      5643.36
1970     25      4927.06
1970     26      4401.84
1970     27      3636.52
1970     28      2997.25
1970     29      2591.09
1970     30      2407.00
1970     31      2127.89
1970     32      1772.74
1970     33      1452.61
1970     34      1209.50
1970     35      1073.45
1970     36       895.37
1970     37       795.33
1970     38       678.29
1970     39       581.25
1970     40       407.17
1970     41       286.12
1970     42       210.08
1970     43       144.06
1970     44        97.04
1970     45        48.02
1970     46        26.02
1970     47         5.00
1970     48         7.00
1970     49         1.00
1970     50         1.19
1970     51         0.92
1970     52         0.55
1970     53         0.25
1970     54         0.08
1970     55+        0.00
1971     12-        0.00
1971     13         2.00
1971     14         3.00
1971     15        47.01
1971     16       278.05
1971     17      1054.20
1971     18      2220.41
1971     19      3109.57
1971     20      4023.74
1971     21      4701.86
1971     22      5092.93
1971     23      5626.03
1971     24      5696.04
1971     25      5287.96
1971     26      4746.87
1971     27      4041.74
1971     28      3263.60
1971     29      2691.49
1971     30      2191.40
1971     31      2133.39
1971     32      1723.31
1971     33      1434.26
1971     34      1213.22
1971     35      1040.19
1971     36       888.16
1971     37       730.13
1971     38       624.12
1971     39       539.10
1971     40       390.07
1971     41       293.06
1971     42       198.04
1971     43       121.02
1971     44        79.02
1971     45        34.00
1971     46        19.00
1971     47         3.00
1971     48         5.00
1971     49         0.00
1971     50         0.00
1971     51         0.00
1971     52         0.00
1971     53         0.00
1971     54         0.00
1971     55+        0.00
1972     12-        0.00
1972     13         0.00
1972     14         6.00
1972     15        45.01
1972     16       337.08
1972     17      1151.27
1972     18      2223.52
1972     19      3257.76
1972     20      3763.88
1972     21      4446.04
1972     22      4778.12
1972     23      5244.22
1972     24      5256.23
1972     25      5427.27
1972     26      5015.17
1972     27      4207.98
1972     28      3689.86
1972     29      2806.66
1972     30      2280.54
1972     31      1805.42
1972     32      1739.40
1972     33      1355.31
1972     34      1126.26
1972     35       912.21
1972     36       788.19
1972     37       676.15
1972     38       502.12
1972     39       431.10
1972     40       353.08
1972     41       245.06
1972     42       145.04
1972     43       114.02
1972     44        60.02
1972     45        36.00
1972     46        21.00
1972     47         6.00
1972     48         5.00
1972     49         1.00
1972     50         0.00
1972     51         0.00
1972     52         0.00
1972     53         0.00
1972     54         0.00
1972     55+        0.00
1973     12-        0.00
1973     13         0.00
1973     14         3.00
1973     15        42.01
1973     16       309.06
1973     17      1114.24
1973     18      2120.45
1973     19      3034.64
1973     20      3650.77
1973     21      3970.85
1973     22      4507.95
1973     23      4806.02
1973     24      4870.03
1973     25      4858.03
1973     26      4887.03
1973     27      4351.93
1973     28      3575.76
1973     29      3063.65
1973     30      2338.50
1973     31      1899.40
1973     32      1528.32
1973     33      1365.29
1973     34      1121.24
1973     35       890.19
1973     36       757.16
1973     37       549.11
1973     38       472.10
1973     39       335.07
1973     40       267.06
1973     41       206.04
1973     42       142.03
1973     43        80.02
1973     44        44.00
1973     45        31.00
1973     46         5.00
1973     47         7.00
1973     48         2.00
1973     49         0.00
1973     50         0.00
1973     51         0.00
1973     52         0.00
1973     53         0.00
1973     54         0.00
1973     55+        0.00
1974     12-        0.00
1974     13         0.00
1974     14         6.00
1974     15        37.00
1974     16       288.07
1974     17      1082.27
1974     18      2029.51
1974     19      2911.73
1974     20      3419.86
1974     21      3975.00
1974     22      4392.11
1974     23      4556.15
1974     24      4745.19
1974     25      4713.18
1974     26      4597.15
1974     27      4362.09
1974     28      3845.97
1974     29      3118.78
1974     30      2516.63
1974     31      1881.48
1974     32      1484.37
1974     33      1201.30
1974     34      1033.26
1974     35       800.21
1974     36       661.16
1974     37       508.13
1974     38       412.10
1974     39       318.08
1974     40       218.06
1974     41       179.04
1974     42       127.03
1974     43        82.02
1974     44        51.02
1974     45        18.00
1974     46        17.00
1974     47         8.00
1974     48         3.00
1974     49         0.00
1974     50         0.67
1974     51         1.12
1974     52         0.76
1974     53         0.36
1974     54         0.10
1974     55+        0.00
1975     12-        0.00
1975     13         1.00
1975     14         8.00
1975     15        42.01
1975     16       286.07
1975     17       996.26
1975     18      1908.51
1975     19      2795.74
1975     20      3181.85
1975     21      3781.00
1975     22      4182.11
1975     23      4244.13
1975     24      4373.17
1975     25      4518.20
1975     26      4232.13
1975     27      3926.04
1975     28      3725.99
1975     29      3250.86
1975     30      2475.66
1975     31      1900.51
1975     32      1498.40
1975     33      1148.30
1975     34       862.23
1975     35       746.19
1975     36       599.16
1975     37       448.12
1975     38       385.10
1975     39       273.07
1975     40       195.05
1975     41       134.04
1975     42       109.03
1975     43        55.02
1975     44        26.00
1975     45        18.00
1975     46        12.00
1975     47         3.00
1975     48         1.00
1975     49         0.00
1975     50         0.00
1975     51         0.00
1975     52         0.00
1975     53         0.00
1975     54         0.00
1975     55+        0.00
1976     12-        0.00
1976     13         0.00
1976     14         2.00
1976     15        45.00
1976     16       265.05
1976     17       942.16
1976     18      1679.28
1976     19      2406.41
1976     20      3148.53
1976     21      3487.59
1976     22      3840.65
1976     23      4163.70
1976     24      4050.68
1976     25      4039.68
1976     26      4004.68
1976     27      3648.61
1976     28      3369.57
1976     29      3047.51
1976     30      2679.45
1976     31      1992.33
1976     32      1663.28
1976     33      1175.20
1976     34       892.15
1976     35       733.12
1976     36       580.10
1976     37       481.08
1976     38       362.06
1976     39       272.04
1976     40       169.02
1976     41       130.02
1976     42        69.02
1976     43        68.02
1976     44        37.00
1976     45        18.00
1976     46         6.00
1976     47         1.00
1976     48         2.00
1976     49         0.00
1976     50         0.16
1976     51         0.32
1976     52         0.29
1976     53         0.17
1976     54         0.06
1976     55+        0.00
1977     12-        0.00
1977     13         1.00
1977     14         4.00
1977     15        35.01
1977     16       240.11
1977     17       808.36
1977     18      1523.69
1977     19      2191.99
1977     20      2813.27
1977     21      3220.45
1977     22      3536.60
1977     23      3791.71
1977     24      4049.83
1977     25      3853.74
1977     26      3739.69
1977     27      3570.61
1977     28      3176.44
1977     29      2972.34
1977     30      2673.21
1977     31      2065.93
1977     32      1647.74
1977     33      1292.59
1977     34      1004.45
1977     35       712.33
1977     36       511.23
1977     37       430.19
1977     38       316.15
1977     39       253.11
1977     40       172.07
1977     41       117.05
1977     42        66.03
1977     43        46.02
1977     44        19.01
1977     45        13.00
1977     46         3.00
1977     47         2.00
1977     48         2.00
1977     49         0.00
1977     50         0.00
1977     51         0.00
1977     52         0.00
1977     53         0.00
1977     54         0.00
1977     55+        0.00
1978     12-        0.00
1978     13         0.00
1978     14         3.00
1978     15        37.02
1978     16       216.09
1978     17       724.28
1978     18      1305.50
1978     19      2038.79
1978     20      2641.02
1978     21      3160.22
1978     22      3573.38
1978     23      3824.48
1978     24      3985.54
1978     25      4153.61
1978     26      3838.48
1978     27      3562.38
1978     28      3327.28
1978     29      2981.15
1978     30      2643.02
1978     31      2412.94
1978     32      1885.73
1978     33      1457.57
1978     34      1091.42
1978     35       819.31
1978     36       604.23
1978     37       435.17
1978     38       351.13
1978     39       221.08
1978     40       158.06
1978     41       130.05
1978     42        81.04
1978     43        38.02
1978     44        24.01
1978     45        14.00
1978     46         9.00
1978     47         0.00
1978     48         1.00
1978     49         0.00
1978     50         0.00
1978     51         0.00
1978     52         0.00
1978     53         0.00
1978     54         0.00
1978     55+        0.00
1979     12-        0.00
1979     13         1.00
1979     14         2.00
1979     15        40.03
1979     16       205.11
1979     17       663.37
1979     18      1262.71
1979     19      1936.09
1979     20      2471.39
1979     21      3077.73
1979     22      3603.03
1979     23      3925.21
1979     24      4100.30
1979     25      4095.30
1979     26      3980.23
1979     27      3537.99
1979     28      3256.83
1979     29      2915.64
1979     30      2550.43
1979     31      2215.24
1979     32      2019.13
1979     33      1549.88
1979     34      1185.66
1979     35       887.50
1979     36       607.34
1979     37       481.27
1979     38       330.19
1979     39       270.16
1979     40       162.09
1979     41       114.06
1979     42        64.04
1979     43        30.02
1979     44        18.01
1979     45        14.01
1979     46         5.00
1979     47         1.00
1979     48         0.00
1979     49         0.00
1979     50         0.00
1979     51         0.00
1979     52         0.00
1979     53         0.00
1979     54         0.00
1979     55+        0.00
1980     12-        0.00
1980     13         1.00
1980     14         2.00
1980     15        31.02
1980     16       199.15
1980     17       651.49
1980     18      1119.84
1980     19      1832.36
1980     20      2324.73
1980     21      2943.19
1980     22      3477.59
1980     23      3701.75
1980     24      3938.93
1980     25      4155.09
1980     26      3935.93
1980     27      3770.81
1980     28      3269.43
1980     29      2948.19
1980     30      2578.92
1980     31      2174.62
1980     32      1919.43
1980     33      1614.20
1980     34      1315.98
1980     35       906.68
1980     36       744.56
1980     37       491.37
1980     38       328.24
1980     39       230.17
1980     40       168.12
1980     41        99.07
1980     42        80.06
1980     43        40.03
1980     44        28.02
1980     45        10.00
1980     46         4.00
1980     47         1.00
1980     48         1.00
1980     49         1.00
1980     50         0.00
1980     51         0.00
1980     52         0.00
1980     53         0.00
1980     54         0.00
1980     55+        0.00
1981     12-        0.00
1981     13         1.00
1981     14         3.00
1981     15        25.03
1981     16       175.21
1981     17       537.63
1981     18      1109.31
1981     19      1826.16
1981     20      2300.72
1981     21      2841.36
1981     22      3370.99
1981     23      3662.33
1981     24      3978.71
1981     25      4101.85
1981     26      3977.70
1981     27      3652.32
1981     28      3401.03
1981     29      2908.44
1981     30      2531.99
1981     31      2197.60
1981     32      1873.22
1981     33      1574.87
1981     34      1318.56
1981     35      1018.20
1981     36       777.92
1981     37       528.62
1981     38       343.41
1981     39       251.30
1981     40       158.19
1981     41       105.13
1981     42        75.09
1981     43        38.05
1981     44        19.02
1981     45        15.02
1981     46         5.01
1981     47         0.00
1981     48         1.00
1981     49         0.00
1981     50         0.18
1981     51         0.34
1981     52         0.27
1981     53         0.15
1981     54         0.05
1981     55+        0.00
1982     12-        0.00
1982     13         1.00
1982     14         4.00
1982     15        38.04
1982     16       160.17
1982     17       555.60
1982     18      1024.10
1982     19      1670.79
1982     20      2249.42
1982     21      2683.88
1982     22      3230.47
1982     23      3628.90
1982     24      3991.29
1982     25      4044.34
1982     26      4050.35
1982     27      3847.13
1982     28      3458.71
1982     29      3251.49
1982     30      2656.86
1982     31      2274.44
1982     32      1913.05
1982     33      1571.69
1982     34      1308.41
1982     35      1124.20
1982     36       767.82
1982     37       595.64
1982     38       422.46
1982     39       294.32
1982     40       167.18
1982     41       102.11
1982     42        69.08
1982     43        44.05
1982     44        19.02
1982     45        18.02
1982     46         2.00
1982     47         3.00
1982     48         1.00
1982     49         0.00
1982     50         0.00
1982     51         0.00
1982     52         0.00
1982     53         0.00
1982     54         0.00
1982     55+        0.00
1983     12-        0.00
1983     13         0.00
1983     14         4.01
1983     15        22.03
1983     16       159.24
1983     17       484.73
1983     18       932.40
1983     19      1550.33
1983     20      2018.03
1983     21      2550.83
1983     22      2917.38
1983     23      3473.22
1983     24      3750.63
1983     25      3902.86
1983     26      3960.95
1983     27      3837.76
1983     28      3466.20
1983     29      3143.72
1983     30      2965.46
1983     31      2321.49
1983     32      1864.80
1983     33      1534.31
1983     34      1302.96
1983     35      1061.59
1983     36       890.34
1983     37       657.99
1983     38       444.67
1983     39       298.45
1983     40       168.25
1983     41       111.16
1983     42        64.10
1983     43        37.06
1983     44        17.02
1983     45        14.02
1983     46         6.01
1983     47         1.00
1983     48         1.00
1983     49         1.00
1983     50         0.00
1983     51         0.00
1983     52         0.00
1983     53         0.00
1983     54         0.00
1983     55+        0.00
1984     12-        1.00
1984     13         0.00
1984     14         2.00
1984     15        28.04
1984     16       162.25
1984     17       457.71
1984     18       907.41
1984     19      1541.39
1984     20      2071.22
1984     21      2480.85
1984     22      2864.45
1984     23      3231.01
1984     24      3651.66
1984     25      3969.16
1984     26      3966.15
1984     27      3982.18
1984     28      3650.67
1984     29      3335.17
1984     30      2896.49
1984     31      2436.78
1984     32      1915.98
1984     33      1583.46
1984     34      1257.95
1984     35      1042.62
1984     36       853.33
1984     37       722.12
1984     38       465.72
1984     39       302.47
1984     40       207.32
1984     41       130.21
1984     42        75.12
1984     43        38.06
1984     44        22.04
1984     45        12.02
1984     46         4.00
1984     47         2.00
1984     48         3.00
1984     49         1.00
1984     50         0.00
1984     51         0.00
1984     52         0.00
1984     53         0.00
1984     54         0.00
1984     55+        0.00
1985     12-        0.00
1985     13         0.00
1985     14         3.00
1985     15        28.03
1985     16       125.15
1985     17       442.51
1985     18       824.95
1985     19      1467.69
1985     20      2086.40
1985     21      2456.84
1985     22      2924.38
1985     23      3407.93
1985     24      3614.17
1985     25      4047.67
1985     26      4133.77
1985     27      3928.53
1985     28      3631.19
1985     29      3453.99
1985     30      2992.45
1985     31      2551.94
1985     32      2079.40
1985     33      1618.87
1985     34      1306.51
1985     35      1100.27
1985     36       865.00
1985     37       590.68
1985     38       551.64
1985     39       362.41
1985     40       236.27
1985     41       152.17
1985     42        73.09
1985     43        35.04
1985     44        18.02
1985     45         9.01
1985     46         6.00
1985     47         0.00
1985     48         0.00
1985     49         0.00
1985     50         0.19
1985     51         0.34
1985     52         0.27
1985     53         0.15
1985     54         0.05
1985     55+        0.00
1986     12-        0.00
1986     13         0.00
1986     14         3.00
1986     15        17.02
1986     16       114.13
1986     17       407.49
1986     18       875.03
1986     19      1533.81
1986     20      2028.39
1986     21      2481.93
1986     22      2970.51
1986     23      3443.07
1986     24      3699.36
1986     25      3920.63
1986     26      4199.96
1986     27      4090.83
1986     28      3927.64
1986     29      3640.30
1986     30      3125.69
1986     31      2621.10
1986     32      2267.68
1986     33      1733.04
1986     34      1488.76
1986     35      1095.30
1986     36       798.95
1986     37       620.74
1986     38       485.57
1986     39       363.43
1986     40       233.28
1986     41       148.18
1986     42       101.12
1986     43        41.05
1986     44        21.03
1986     45         6.00
1986     46         7.01
1986     47         1.00
1986     48         0.00
1986     49         0.00
1986     50         0.19
1986     51         0.35
1986     52         0.26
1986     53         0.15
1986     54         0.05
1986     55+        0.00
1987     12-        0.00
1987     13         1.00
1987     14         3.00
1987     15        20.02
1987     16       128.10
1987     17       418.32
1987     18       876.68
1987     19      1423.10
1987     20      2040.58
1987     21      2509.95
1987     22      2933.28
1987     23      3393.63
1987     24      3681.86
1987     25      4098.19
1987     26      4170.25
1987     27      4190.26
1987     28      3995.11
1987     29      3696.87
1987     30      3385.64
1987     31      2878.24
1987     32      2371.84
1987     33      1974.53
1987     34      1568.22
1987     35      1169.91
1987     36       890.70
1987     37       720.56
1987     38       528.41
1987     39       344.26
1987     40       283.22
1987     41       136.11
1987     42        88.07
1987     43        47.04
1987     44        23.02
1987     45        17.02
1987     46         7.00
1987     47         3.00
1987     48         1.00
1987     49         0.00
1987     50         0.00
1987     51         0.00
1987     52         0.00
1987     53         0.00
1987     54         0.00
1987     55+        0.00
1988     12-        0.00
1988     13         0.00
1988     14         3.00
1988     15        22.03
1988     16       120.14
1988     17       399.45
1988     18       843.96
1988     19      1543.75
1988     20      2118.40
1988     21      2630.97
1988     22      3142.55
1988     23      3571.03
1988     24      3883.38
1988     25      4316.87
1988     26      4402.97
1988     27      4419.99
1988     28      4277.83
1988     29      3923.43
1988     30      3555.02
1988     31      3075.47
1988     32      2564.90
1988     33      2166.45
1988     34      1746.97
1988     35      1354.53
1988     36       999.12
1988     37       765.87
1988     38       568.64
1988     39       399.45
1988     40       265.30
1988     41       187.21
1988     42       131.15
1988     43        70.08
1988     44        28.03
1988     45         9.01
1988     46         7.01
1988     47         1.00
1988     48         2.00
1988     49         1.00
1988     50         0.00
1988     51         0.00
1988     52         0.00
1988     53         0.00
1988     54         0.00
1988     55+        0.00
1989     12-        1.00
1989     13         1.00
1989     14         2.00
1989     15        17.02
1989     16       116.14
1989     17       333.38
1989     18       800.90
1989     19      1523.72
1989     20      2136.42
1989     21      2680.03
1989     22      3066.46
1989     23      3487.95
1989     24      4077.61
1989     25      4419.99
1989     26      4551.14
1989     27      4420.99
1989     28      4337.90
1989     29      4126.67
1989     30      3794.28
1989     31      3351.79
1989     32      2796.16
1989     33      2327.62
1989     34      1855.10
1989     35      1396.58
1989     36      1171.33
1989     37       799.90
1989     38       607.69
1989     39       422.48
1989     40       258.29
1989     41       193.21
1989     42       118.14
1989     43        62.07
1989     44        31.04
1989     45         9.01
1989     46         1.00
1989     47         1.00
1989     48         1.00
1989     49         4.00
1989     50         0.55
1989     51         0.26
1989     52         0.12
1989     53         0.05
1989     54         0.01
1989     55+        0.00
1990     12-        0.00
1990     13         0.00
1990     14         4.00
1990     15        20.04
1990     16        88.15
1990     17       358.59
1990     18       739.21
1990     19      1424.33
1990     20      2003.29
1990     21      2642.34
1990     22      2977.89
1990     23      3559.84
1990     24      4177.86
1990     25      4516.42
1990     26      4711.74
1990     27      4753.80
1990     28      4474.35
1990     29      4183.86
1990     30      3849.32
1990     31      3333.47
1990     32      2995.91
1990     33      2524.14
1990     34      2035.34
1990     35      1628.67
1990     36      1181.94
1990     37       919.51
1990     38       642.05
1990     39       445.73
1990     40       281.46
1990     41       196.33
1990     42       111.18
1990     43        78.13
1990     44        47.08
1990     45        14.02
1990     46         9.01
1990     47         5.01
1990     48         2.00
1990     49         2.00
1990     50         0.00
1990     51         0.00
1990     52         0.00
1990     53         0.00
1990     54         0.00
1990     55+        0.00
1991     12-        0.00
1991     13         1.00
1991     14         0.00
1991     15        14.03
1991     16        68.12
1991     17       334.62
1991     18       747.38
1991     19      1332.46
1991     20      1894.48
1991     21      2520.64
1991     22      2972.48
1991     23      3507.46
1991     24      3855.10
1991     25      4523.34
1991     26      4631.53
1991     27      4571.42
1991     28      4481.25
1991     29      4170.68
1991     30      3880.14
1991     31      3579.59
1991     32      3043.60
1991     33      2617.82
1991     34      2073.81
1991     35      1673.08
1991     36      1365.51
1991     37       923.70
1991     38       758.40
1991     39       468.86
1991     40       350.64
1991     41       199.37
1991     42       120.22
1991     43        71.14
1991     44        32.06
1991     45        17.03
1991     46         4.01
1991     47         0.00
1991     48         0.00
1991     49         2.00
1991     50         0.00
1991     51         0.00
1991     52         0.00
1991     53         0.00
1991     54         0.00
1991     55+        0.00
1992     12-        0.00
1992     13         2.00
1992     14         3.00
1992     15        18.03
1992     16        89.17
1992     17       285.53
1992     18       670.24
1992     19      1232.28
1992     20      1778.28
1992     21      2262.18
1992     22      2779.13
1992     23      3356.19
1992     24      3923.25
1992     25      4302.95
1992     26      4614.53
1992     27      4598.50
1992     28      4509.32
1992     29      4287.92
1992     30      3964.32
1992     31      3469.41
1992     32      3045.62
1992     33      2564.74
1992     34      2149.97
1992     35      1793.31
1992     36      1353.50
1992     37       984.82
1992     38       749.39
1992     39       504.93
1992     40       342.64
1992     41       234.43
1992     42       113.21
1992     43        62.11
1992     44        35.07
1992     45        17.04
1992     46         6.02
1992     47         2.00
1992     48         2.00
1992     49         0.00
1992     50         0.19
1992     51         0.33
1992     52         0.27
1992     53         0.15
1992     54         0.05
1992     55+        0.00
1993     12-        0.00
1993     13         2.00
1993     14         2.00
1993     15        18.03
1993     16        74.13
1993     17       279.48
1993     18       593.03
1993     19      1105.93
1993     20      1563.72
1993     21      2209.85
1993     22      2611.55
1993     23      3132.46
1993     24      3832.68
1993     25      4233.38
1993     26      4454.76
1993     27      4727.24
1993     28      4599.02
1993     29      4239.39
1993     30      3914.82
1993     31      3541.17
1993     32      3147.49
1993     33      2643.61
1993     34      2146.74
1993     35      1802.14
1993     36      1464.55
1993     37      1101.92
1993     38       795.39
1993     39       565.98
1993     40       395.69
1993     41       202.36
1993     42       135.24
1993     43        71.13
1993     44        32.05
1993     45        25.04
1993     46        10.02
1993     47         3.00
1993     48         0.00
1993     49         0.00
1993     50         0.00
1993     51         0.00
1993     52         0.00
1993     53         0.00
1993     54         0.00
1993     55+        0.00
1994     12-        0.00
1994     13         0.00
1994     14         0.00
1994     15        11.02
1994     16        71.12
1994     17       270.47
1994     18       542.93
1994     19      1045.79
1994     20      1508.59
1994     21      1959.35
1994     22      2449.20
1994     23      3018.18
1994     24      3584.14
1994     25      4306.38
1994     26      4523.76
1994     27      4717.09
1994     28      4745.13
1994     29      4400.54
1994     30      4207.21
1994     31      3605.18
1994     32      3222.53
1994     33      2683.60
1994     34      2262.88
1994     35      1921.29
1994     36      1506.58
1994     37      1161.99
1994     38       862.48
1994     39       618.06
1994     40       389.67
1994     41       243.42
1994     42       129.23
1994     43        66.11
1994     44        31.06
1994     45        17.03
1994     46         7.01
1994     47         2.00
1994     48         0.00
1994     49         1.00
1994     50         0.00
1994     51         0.00
1994     52         0.00
1994     53         0.00
1994     54         0.00
1994     55+        0.00
1995     12-        0.00
1995     13         0.00
1995     14         2.00
1995     15        11.01
1995     16        70.08
1995     17       235.28
1995     18       495.58
1995     19       962.12
1995     20      1436.67
1995     21      1814.11
1995     22      2394.78
1995     23      3000.49
1995     24      3539.11
1995     25      4119.79
1995     26      4476.19
1995     27      4671.42
1995     28      4690.45
1995     29      4613.36
1995     30      4199.87
1995     31      3853.48
1995     32      3282.81
1995     33      2805.26
1995     34      2386.77
1995     35      1954.27
1995     36      1595.85
1995     37      1242.44
1995     38       888.03
1995     39       598.69
1995     40       431.50
1995     41       233.28
1995     42       143.16
1995     43        76.08
1995     44        39.05
1995     45        14.02
1995     46         5.00
1995     47         4.00
1995     48         0.00
1995     49         0.00
1995     50         0.19
1995     51         0.35
1995     52         0.26
1995     53         0.15
1995     54         0.04
1995     55+        0.00
1996     12-        0.00
1996     13         0.00
1996     14         2.00
1996     15        10.01
1996     16        69.09
1996     17       231.30
1996     18       505.67
1996     19       943.24
1996     20      1309.72
1996     21      1737.29
1996     22      2229.93
1996     23      2782.65
1996     24      3448.53
1996     25      3975.22
1996     26      4395.77
1996     27      4897.43
1996     28      4861.38
1996     29      4745.23
1996     30      4338.70
1996     31      4025.29
1996     32      3512.61
1996     33      2888.79
1996     34      2529.32
1996     35      2012.64
1996     36      1644.16
1996     37      1232.62
1996     38       947.24
1996     39       621.82
1996     40       433.57
1996     41       247.33
1996     42       182.24
1996     43        88.11
1996     44        44.06
1996     45        16.02
1996     46         8.01
1996     47         4.00
1996     48         0.00
1996     49         2.00
1996     50         0.52
1996     51         0.26
1996     52         0.14
1996     53         0.07
1996     54         0.01
1996     55+        0.00
1997     12-        0.00
1997     13         1.00
1997     14         2.00
1997     15         7.01
1997     16        74.10
1997     17       240.35
1997     18       470.68
1997     19       855.23
1997     20      1244.79
1997     21      1623.33
1997     22      2052.95
1997     23      2574.70
1997     24      3185.58
1997     25      3738.38
1997     26      4276.15
1997     27      4568.57
1997     28      4915.07
1997     29      4666.71
1997     30      4268.13
1997     31      4142.96
1997     32      3484.01
1997     33      3105.46
1997     34      2523.63
1997     35      2161.10
1997     36      1665.39
1997     37      1207.74
1997     38       939.35
1997     39       705.01
1997     40       438.63
1997     41       305.44
1997     42       188.27
1997     43        79.11
1997     44        49.07
1997     45        20.03
1997     46         3.00
1997     47         6.01
1997     48         3.00
1997     49         1.00
1997     50         1.24
1997     51         0.98
1997     52         0.50
1997     53         0.22
1997     54         0.05
1997     55+        0.00
1998     12-        0.00
1998     13         0.00
1998     14         1.00
1998     15        13.02
1998     16        64.08
1998     17       230.31
1998     18       466.61
1998     19       830.09
1998     20      1117.48
1998     21      1510.99
1998     22      1951.57
1998     23      2243.96
1998     24      2936.87
1998     25      3498.62
1998     26      4007.28
1998     27      4489.93
1998     28      4691.19
1998     29      4803.34
1998     30      4436.85
1998     31      4051.35
1998     32      3611.76
1998     33      2963.91
1998     34      2528.33
1998     35      2189.89
1998     36      1700.24
1998     37      1268.68
1998     38       940.24
1998     39       702.93
1998     40       491.65
1998     41       279.37
1998     42       157.20
1998     43        93.12
1998     44        51.07
1998     45        16.02
1998     46         6.00
1998     47         4.00
1998     48         1.00
1998     49         0.00
1998     50         0.00
1998     51         0.00
1998     52         0.00
1998     53         0.00
1998     54         0.00
1998     55+        0.00
1999     12-        0.00
1999     13         0.00
1999     14         2.00
1999     15        15.00
1999     16        68.03
1999     17       194.09
1999     18       418.19
1999     19       815.37
1999     20      1169.53
1999     21      1532.70
1999     22      1778.81
1999     23      2213.01
1999     24      2795.27
1999     25      3385.54
1999     26      4046.84
1999     27      4492.05
1999     28      4754.16
1999     29      4708.14
1999     30      4597.09
1999     31      4318.96
1999     32      3697.68
1999     33      3276.49
1999     34      2884.32
1999     35      2237.02
1999     36      1743.79
1999     37      1350.61
1999     38       995.45
1999     39       682.31
1999     40       478.22
1999     41       271.12
1999     42       181.09
1999     43        92.04
1999     44        67.03
1999     45        16.01
1999     46        13.00
1999     47         6.00
1999     48         1.00
1999     49         0.00
1999     50         0.00
1999     51         0.00
1999     52         0.00
1999     53         0.00
1999     54         0.00
1999     55+        0.00
2000     12-        0.00
2000     13         1.00
2000     14         1.00
2000     15        17.00
2000     16        58.02
2000     17       226.07
2000     18       409.11
2000     19       811.22
2000     20      1163.31
2000     21      1483.40
2000     22      1703.46
2000     23      2141.58
2000     24      2670.73
2000     25      3224.87
2000     26      3784.02
2000     27      4434.20
2000     28      4780.29
2000     29      4805.29
2000     30      4592.24
2000     31      4374.18
2000     32      3866.04
2000     33      3338.90
2000     34      2815.76
2000     35      2290.62
2000     36      1809.49
2000     37      1467.40
2000     38      1022.27
2000     39       774.21
2000     40       482.13
2000     41       327.09
2000     42       189.05
2000     43        89.02
2000     44        50.02
2000     45        17.00
2000     46        10.00
2000     47         3.00
2000     48         1.00
2000     49         0.00
2000     50         0.00
2000     51         0.00
2000     52         0.00
2000     53         0.00
2000     54         0.00
2000     55+        0.00
2001     12-        0.00
2001     13         1.00
2001     14         5.00
2001     15        12.00
2001     16        56.01
2001     17       193.03
2001     18       407.07
2001     19       767.14
2001     20      1075.19
2001     21      1335.23
2001     22      1629.29
2001     23      1963.35
2001     24      2444.43
2001     25      2917.52
2001     26      3553.62
2001     27      4096.73
2001     28      4429.78
2001     29      4574.80
2001     30      4409.78
2001     31      4148.73
2001     32      3917.69
2001     33      3304.59
2001     34      2827.50
2001     35      2369.41
2001     36      1886.33
2001     37      1441.25
2001     38      1034.18
2001     39       756.14
2001     40       467.08
2001     41       309.05
2001     42       167.03
2001     43       100.02
2001     44        48.00
2001     45        26.00
2001     46        15.00
2001     47         4.00
2001     48         2.00
2001     49         1.00
2001     50         0.00
2001     51         0.00
2001     52         0.00
2001     53         0.00
2001     54         0.00
2001     55+        0.00
2002     12-        0.00
2002     13         0.00
2002     14         4.00
2002     15        15.00
2002     16        62.00
2002     17       183.01
2002     18       381.02
2002     19       681.04
2002     20      1025.05
2002     21      1278.07
2002     22      1624.09
2002     23      1871.10
2002     24      2234.13
2002     25      2686.15
2002     26      3304.18
2002     27      3838.21
2002     28      4293.24
2002     29      4435.24
2002     30      4367.24
2002     31      4372.24
2002     32      3887.21
2002     33      3400.19
2002     34      2879.15
2002     35      2394.13
2002     36      1781.10
2002     37      1392.08
2002     38      1050.06
2002     39       747.04
2002     40       493.02
2002     41       317.02
2002     42       220.02
2002     43       120.00
2002     44        61.00
2002     45        26.00
2002     46         5.00
2002     47         3.00
2002     48         3.00
2002     49         0.00
2002     50         0.00
2002     51         0.00
2002     52         0.00
2002     53         0.00
2002     54         0.00
2002     55+        0.00
2003     12-        0.00
2003     13         0.00
2003     14         2.00
2003     15        13.00
2003     16        66.02
2003     17       155.04
2003     18       343.07
2003     19       641.15
2003     20       935.22
2003     21      1253.29
2003     22      1525.35
2003     23      1850.43
2003     24      2398.55
2003     25      2696.62
2003     26      3211.74
2003     27      3817.88
2003     28      4128.95
2003     29      4577.06
2003     30      4519.04
2003     31      4415.01
2003     32      4079.94
2003     33      3471.80
2003     34      3003.69
2003     35      2525.58
2003     36      2070.48
2003     37      1547.36
2003     38      1177.27
2003     39       767.17
2003     40       528.12
2003     41       330.08
2003     42       200.05
2003     43       109.02
2003     44        47.01
2003     45        21.00
2003     46        16.00
2003     47         4.00
2003     48         4.00
2003     49         5.00
2003     50         0.52
2003     51         0.26
2003     52         0.14
2003     53         0.07
2003     54         0.01
2003     55+        0.00
2004     12-        0.00
2004     13         0.00
2004     14         2.00
2004     15        15.00
2004     16        52.01
2004     17       134.03
2004     18       303.07
2004     19       626.15
2004     20       939.23
2004     21      1277.31
2004     22      1617.40
2004     23      1859.45
2004     24      2342.57
2004     25      2776.68
2004     26      3145.78
2004     27      3679.91
2004     28      4088.00
2004     29      4377.07
2004     30      4599.13
2004     31      4388.08
2004     32      4135.01
2004     33      3624.89
2004     34      3165.77
2004     35      2696.67
2004     36      2108.52
2004     37      1559.38
2004     38      1232.30
2004     39       884.22
2004     40       562.14
2004     41       325.08
2004     42       213.05
2004     43       118.03
2004     44        52.01
2004     45        26.00
2004     46        12.00
2004     47        11.00
2004     48         2.00
2004     49         0.00
2004     50         0.00
2004     51         0.00
2004     52         0.00
2004     53         0.00
2004     54         0.00
2004     55+        0.00
2005     12-        0.00
2005     13         0.00
2005     14         1.00
2005     15         8.00
2005     16        57.02
2005     17       152.06
2005     18       307.12
2005     19       628.24
2005     20       942.36
2005     21      1234.48
2005     22      1473.57
2005     23      1944.75
2005     24      2327.90
2005     25      2757.07
2005     26      3236.26
2005     27      3651.42
2005     28      3968.54
2005     29      4253.64
2005     30      4337.68
2005     31      4458.73
2005     32      4205.63
2005     33      3706.43
2005     34      3153.22
2005     35      2590.01
2005     36      2171.84
2005     37      1626.63
2005     38      1212.47
2005     39       886.35
2005     40       590.23
2005     41       406.16
2005     42       226.09
2005     43       130.05
2005     44        52.02
2005     45        34.02
2005     46        12.00
2005     47         9.00
2005     48         2.00
2005     49         1.00
2005     50         0.46
2005     51         0.27
2005     52         0.16
2005     53         0.08
2005     54         0.03
2005     55+        0.00
2006     12-        0.00
2006     13         0.00
2006     14         3.00
2006     15         9.00
2006     16        55.02
2006     17       163.06
2006     18       380.13
2006     19       683.24
2006     20      1006.36
2006     21      1182.42
2006     22      1592.58
2006     23      1893.68
2006     24      2518.91
2006     25      2830.02
2006     26      3349.20
2006     27      3765.35
2006     28      4021.44
2006     29      4250.53
2006     30      4353.56
2006     31      4375.57
2006     32      4240.52
2006     33      3830.37
2006     34      3367.21
2006     35      2741.98
2006     36      2297.82
2006     37      1841.66
2006     38      1319.47
2006     39       932.33
2006     40       646.24
2006     41       373.13
2006     42       262.10
2006     43       118.05
2006     44        79.02
2006     45        29.01
2006     46        17.00
2006     47        10.00
2006     48         1.00
2006     49         3.00
2006     50         1.03
2006     51         0.53
2006     52         0.28
2006     53         0.13
2006     54         0.04
2006     55+        0.00
2007     12-        0.00
2007     13         1.00
2007     14         3.00
2007     15        14.00
2007     16        53.02
2007     17       205.07
2007     18       384.12
2007     19       725.24
2007     20      1037.34
2007     21      1330.44
2007     22      1613.52
2007     23      1993.65
2007     24      2359.77
2007     25      2853.93
2007     26      3271.06
2007     27      3648.19
2007     28      4003.30
2007     29      3949.28
2007     30      4256.38
2007     31      4204.36
2007     32      4190.36
2007     33      3815.24
2007     34      3267.06
2007     35      3000.97
2007     36      2340.76
2007     37      1779.58
2007     38      1447.47
2007     39      1010.33
2007     40       698.22
2007     41       464.15
2007     42       253.08
2007     43       145.05
2007     44        78.02
2007     45        39.01
2007     46        15.00
2007     47         6.00
2007     48         2.00
2007     49         0.00
2007     50         0.00
2007     51         0.00
2007     52         0.00
2007     53         0.00
2007     54         0.00
2007     55+        0.00
2008     12-        0.00
2008     13         1.00
2008     14         3.00
2008     15        13.00
2008     16        62.03
2008     17       201.11
2008     18       403.23
2008     19       756.43
2008     20      1049.59
2008     21      1379.77
2008     22      1776.00
2008     23      2101.18
2008     24      2491.40
2008     25      2979.68
2008     26      3561.00
2008     27      3828.15
2008     28      4013.26
2008     29      4376.46
2008     30      4323.43
2008     31      4202.36
2008     32      4077.29
2008     33      3756.11
2008     34      3445.93
2008     35      2963.66
2008     36      2459.39
2008     37      1895.07
2008     38      1480.83
2008     39      1129.64
2008     40       709.40
2008     41       492.27
2008     42       260.15
2008     43       159.08
2008     44        76.05
2008     45        37.02
2008     46        21.01
2008     47         6.00
2008     48         3.00
2008     49         1.00
2008     50         0.84
2008     51         0.59
2008     52         0.35
2008     53         0.17
2008     54         0.05
2008     55+        0.00
2009     12-        0.00
2009     13         0.00
2009     14         1.00
2009     15         1.00
2009     16        61.04
2009     17       179.12
2009     18       424.28
2009     19       802.52
2009     20      1129.73
2009     21      1455.94
2009     22      1779.16
2009     23      2165.40
2009     24      2507.62
2009     25      3035.96
2009     26      3397.20
2009     27      3999.59
2009     28      4307.79
2009     29      4498.92
2009     30      4408.85
2009     31      4240.74
2009     32      4004.59
2009     33      3728.42
2009     34      3538.29
2009     35      3030.96
2009     36      2455.59
2009     37      2066.34
2009     38      1569.02
2009     39      1138.73
2009     40       779.50
2009     41       481.31
2009     42       282.18
2009     43       164.11
2009     44        92.06
2009     45        42.02
2009     46        23.02
2009     47         6.00
2009     48         5.00
2009     49         2.00
2009     50         0.95
2009     51         0.55
2009     52         0.30
2009     53         0.15
2009     54         0.04
2009     55+        0.00
2010     12-        0.00
2010     13         0.00
2010     14         3.00
2010     15        13.00
2010     16        51.00
2010     17       179.01
2010     18       356.02
2010     19       720.03
2010     20      1078.06
2010     21      1513.08
2010     22      1831.09
2010     23      2096.10
2010     24      2528.12
2010     25      3086.15
2010     26      3487.17
2010     27      3822.19
2010     28      4164.20
2010     29      4382.22
2010     30      4486.21
2010     31      4449.21
2010     32      4053.19
2010     33      3728.18
2010     34      3309.16
2010     35      2939.15
2010     36      2399.11
2010     37      2021.09
2010     38      1547.07
2010     39      1169.06
2010     40       807.04
2010     41       532.02
2010     42       323.02
2010     43       170.01
2010     44        97.00
2010     45        59.00
2010     46        24.00
2010     47        10.00
2010     48         2.00
2010     49         2.00
2010     50         1.80
2010     51         1.22
2010     52         0.63
2010     53         0.28
2010     54         0.08
2010     55+        0.00
2011     12-        0.00
2011     13         0.00
2011     14         2.00
2011     15         9.00
2011     16        43.00
2011     17       134.00
2011     18       309.02
2011     19       619.03
2011     20       996.05
2011     21      1325.07
2011     22      1628.08
2011     23      2162.11
2011     24      2551.13
2011     25      2945.15
2011     26      3433.17
2011     27      3863.19
2011     28      4159.21
2011     29      4440.22
2011     30      4434.22
2011     31      4274.21
2011     32      4050.20
2011     33      3625.18
2011     34      3187.16
2011     35      2881.14
2011     36      2446.12
2011     37      1996.10
2011     38      1492.07
2011     39      1149.06
2011     40       801.04
2011     41       523.02
2011     42       342.02
2011     43       192.01
2011     44       111.00
2011     45        41.00
2011     46        31.00
2011     47        11.00
2011     48         6.00
2011     49         4.00
2011     50         1.55
2011     51         0.81
2011     52         0.40
2011     53         0.18
2011     54         0.05
2011     55+        0.00
2012     12-        0.00
2012     13         1.00
2012     14         1.00
2012     15         7.00
2012     16        41.00
2012     17       129.02
2012     18       259.03
2012     19       515.06
2012     20       874.10
2012     21      1347.15
2012     22      1635.19
2012     23      2151.25
2012     24      2618.30
2012     25      3025.35
2012     26      3493.41
2012     27      3833.45
2012     28      4198.49
2012     29      4325.50
2012     30      4517.53
2012     31      4406.51
2012     32      4046.47
2012     33      3667.43
2012     34      3252.38
2012     35      2786.32
2012     36      2328.27
2012     37      1995.23
2012     38      1559.18
2012     39      1200.14
2012     40       805.09
2012     41       517.06
2012     42       311.04
2012     43       190.02
2012     44       105.02
2012     45        46.00
2012     46        25.00
2012     47        18.00
2012     48        13.00
2012     49         5.00
2012     50         2.63
2012     51         1.39
2012     52         0.64
2012     53         0.26
2012     54         0.08
2012     55+        0.00
2013     12-        0.00
2013     13         0.00
2013     14         1.00
2013     15        14.00
2013     16        38.00
2013     17       120.00
2013     18       253.00
2013     19       466.00
2013     20       804.00
2013     21      1161.00
2013     22      1585.00
2013     23      2009.00
2013     24      2480.00
2013     25      2983.00
2013     26      3362.00
2013     27      3822.00
2013     28      4199.00
2013     29      4417.00
2013     30      4453.00
2013     31      4309.00
2013     32      4092.00
2013     33      3629.00
2013     34      3274.00
2013     35      2670.00
2013     36      2211.00
2013     37      1843.00
2013     38      1564.00
2013     39      1203.00
2013     40       786.00
2013     41       521.00
2013     42       325.00
2013     43       205.00
2013     44       113.00
2013     45        48.00
2013     46        18.00
2013     47         4.00
2013     48         4.00
2013     49         6.00
2013     50         1.66
2013     51         0.77
2013     52         0.36
2013     53         0.16
2013     54         0.05
2013     55+        0.00
2014     12-        0.00
2014     13         0.00
2014     14         1.00
2014     15         7.00
2014     16        24.00
2014     17       125.00
2014     18       214.00
2014     19       427.00
2014     20       719.00
2014     21      1066.00
2014     22      1389.00
2014     23      1873.00
2014     24      2452.00
2014     25      3019.00
2014     26      3456.00
2014     27      3883.00
2014     28      4051.00
2014     29      4452.00
2014     30      4497.00
2014     31      4399.00
2014     32      4156.00
2014     33      3760.00
2014     34      3270.00
2014     35      2851.00
2014     36      2268.00
2014     37      1934.00
2014     38      1448.00
2014     39      1188.00
2014     40       829.00
2014     41       551.00
2014     42       355.00
2014     43       183.00
2014     44       106.00
2014     45        59.00
2014     46        33.00
2014     47        13.00
2014     48        16.00
2014     49         6.00
2014     50         2.20
2014     51         1.06
2014     52         0.47
2014     53         0.20
2014     54         0.05
2014     55+        0.00
2015     12-        0.00
2015     13         0.00
2015     14         0.00
2015     15        11.00
2015     16        20.00
2015     17        86.00
2015     18       199.00
2015     19       415.00
2015     20       668.00
2015     21       982.00
2015     22      1279.00
2015     23      1718.00
2015     24      2418.00
2015     25      3031.00
2015     26      3500.00
2015     27      3922.00
2015     28      4236.00
2015     29      4608.00
2015     30      4414.00
2015     31      4389.00
2015     32      4084.00
2015     33      3736.00
2015     34      3249.00
2015     35      2872.00
2015     36      2493.00
2015     37      1952.00
2015     38      1457.00
2015     39      1171.00
2015     40       843.00
2015     41       512.00
2015     42       346.00
2015     43       199.00
2015     44       101.00
2015     45        53.00
2015     46        41.00
2015     47        23.00
2015     48        14.00
2015     49         7.00
2015     50         4.86
2015     51         2.60
2015     52         1.06
2015     53         0.37
2015     54         0.09
2015     55+        0.00
2016     12-        0.00
2016     13         0.00
2016     14         0.00
2016     15         8.00
2016     16        20.00
2016     17        74.00
2016     18       175.00
2016     19       337.00
2016     20       606.00
2016     21       892.00
2016     22      1266.00
2016     23      1635.00
2016     24      2157.00
2016     25      2815.00
2016     26      3473.00
2016     27      3950.00
2016     28      4373.00
2016     29      4627.00
2016     30      4605.00
2016     31      4618.00
2016     32      4189.00
2016     33      3680.00
2016     34      3325.00
2016     35      2892.00
2016     36      2378.00
2016     37      2015.00
2016     38      1476.00
2016     39      1079.00
2016     40       791.00
2016     41       606.00
2016     42       375.00
2016     43       198.00
2016     44       106.00
2016     45        78.00
2016     46        26.00
2016     47        15.00
2016     48         8.00
2016     49         6.00
2016     50         7.95
2016     51         5.32
2016     52         2.00
2016     53         0.60
2016     54         0.13
2016     55+        0.00
2017     12-        0.00
2017     13         0.00
2017     14         0.00
2017     15         4.00
2017     16        15.00
2017     17        51.00
2017     18       137.00
2017     19       260.00
2017     20       540.00
2017     21       739.00
2017     22      1073.00
2017     23      1466.00
2017     24      1920.00
2017     25      2617.00
2017     26      3391.00
2017     27      3821.00
2017     28      4196.00
2017     29      4661.00
2017     30      4615.00
2017     31      4402.00
2017     32      3994.00
2017     33      3740.00
2017     34      3305.00
2017     35      2854.00
2017     36      2277.00
2017     37      1821.00
2017     38      1435.00
2017     39      1128.00
2017     40       805.00
2017     41       577.00
2017     42       315.00
2017     43       217.00
2017     44       111.00
2017     45        59.00
2017     46        37.00
2017     47        19.00
2017     48         9.00
2017     49         9.00
2017     50         7.07
2017     51         3.88
2017     52         1.48
2017     53         0.47
2017     54         0.11
2017     55+        0.00
2018     12-        0.00
2018     13         0.00
2018     14         0.00
2018     15         3.00
2018     16        12.00
2018     17        36.00
2018     18       106.00
2018     19       239.00
2018     20       403.00
2018     21       719.00
2018     22      1007.00
2018     23      1451.00
2018     24      1791.00
2018     25      2452.00
2018     26      2981.00
2018     27      3692.00
2018     28      4169.00
2018     29      4426.00
2018     30      4585.00
2018     31      4503.00
2018     32      4090.00
2018     33      3804.00
2018     34      3210.00
2018     35      2656.00
2018     36      2299.00
2018     37      1890.00
2018     38      1445.00
2018     39      1105.00
2018     40       748.00
2018     41       510.00
2018     42       306.00
2018     43       211.00
2018     44       107.00
2018     45        73.00
2018     46        40.00
2018     47        18.00
2018     48        10.00
2018     49         6.00
2018     50         8.40
2018     51         5.68
2018     52         2.15
2018     53         0.63
2018     54         0.13
2018     55+        0.00
2019     12-        0.00
2019     13         0.00
2019     14         0.00
2019     15         5.00
2019     16        10.00
2019     17        36.00
2019     18        94.00
2019     19       205.00
2019     20       348.00
2019     21       566.00
2019     22       876.00
2019     23      1260.00
2019     24      1688.00
2019     25      2246.00
2019     26      2789.00
2019     27      3367.00
2019     28      4103.00
2019     29      4494.00
2019     30      4557.00
2019     31      4600.00
2019     32      4250.00
2019     33      3726.00
2019     34      3325.00
2019     35      2827.00
2019     36      2374.00
2019     37      1913.00
2019     38      1474.00
2019     39      1160.00
2019     40       821.00
2019     41       564.00
2019     42       336.00
2019     43       196.00
2019     44       113.00
2019     45        69.00
2019     46        42.00
2019     47        19.00
2019     48        13.00
2019     49        14.00
2019     50         8.81
2019     51         4.15
2019     52         1.47
2019     53         0.46
2019     54         0.11
2019     55+        0.00
2020     12-        0.00
2020     13         0.00
2020     14         0.00
2020     15         0.00
2020     16         7.00
2020     17        30.00
2020     18        64.00
2020     19       155.00
2020     20       291.00
2020     21       507.00
2020     22       693.00
2020     23      1136.00
2020     24      1549.00
2020     25      2120.00
2020     26      2761.00
2020     27      3263.00
2020     28      3800.00
2020     29      4287.00
2020     30      4595.00
2020     31      4415.00
2020     32      4286.00
2020     33      3790.00
2020     34      3347.00
2020     35      2862.00
2020     36      2469.00
2020     37      1856.00
2020     38      1433.00
2020     39      1123.00
2020     40       808.00
2020     41       552.00
2020     42       330.00
2020     43       197.00
2020     44       102.00
2020     45        72.00
2020     46        32.00
2020     47        13.00
2020     48        11.00
2020     49         7.00
2020     50         8.17
2020     51         5.23
2020     52         1.92
2020     53         0.57
2020     54         0.13
2020     55+        0.00
2021     12-        0.00
2021     13         0.00
2021     14         0.00
2021     15         4.00
2021     16         6.00
2021     17        20.00
2021     18        57.00
2021     19       175.00
2021     20       273.00
2021     21       448.00
2021     22       658.00
2021     23      1043.00
2021     24      1522.00
2021     25      2091.00
2021     26      2784.00
2021     27      3417.00
2021     28      3963.00
2021     29      4506.00
2021     30      4796.00
2021     31      5071.00
2021     32      4795.00
2021     33      4266.00
2021     34      3635.00
2021     35      3102.00
2021     36      2495.00
2021     37      1921.00
2021     38      1572.00
2021     39      1224.00
2021     40       866.00
2021     41       590.00
2021     42       330.00
2021     43       178.00
2021     44       110.00
2021     45        65.00
2021     46        36.00
2021     47        26.00
2021     48         6.00
2021     49         3.00
2021     50         2.82
2021     51         1.85
2021     52         0.89
2021     53         0.34
2021     54         0.09
2021     55+        0.00
2022     12-        0.00
2022     13         0.00
2022     14         0.00
2022     15         0.00
2022     16         4.00
2022     17        18.00
2022     18        53.00
2022     19       143.00
2022     20       219.00
2022     21       403.00
2022     22       668.00
2022     23       933.00
2022     24      1282.00
2022     25      1894.00
2022     26      2536.00
2022     27      3084.00
2022     28      3638.00
2022     29      4093.00
2022     30      4402.00
2022     31      4520.00
2022     32      4352.00
2022     33      3887.00
2022     34      3396.00
2022     35      2965.00
2022     36      2336.00
2022     37      1850.00
2022     38      1488.00
2022     39      1127.00
2022     40       865.00
2022     41       522.00
2022     42       317.00
2022     43       220.00
2022     44       102.00
2022     45        59.00
2022     46        47.00
2022     47        22.00
2022     48        18.00
2022     49         6.00
2022     50         5.71
2022     51         3.37
2022     52         1.36
2022     53         0.46
2022     54         0.11
2022     55+        0.00
