Norway, Female population exposure by calendar year and age (Lexis squares, age in completed years (ACY))
Last modified: 19/04/2023
Year    Age        Exposure
1967     12        29963.69
1967     13        29705.55
1967     14        29948.81
1967     15        28641.38
1967     16        28828.01
1967     17        29395.87
1967     18        29703.68
1967     19        30752.19
1967     20        32019.22
1967     21        31502.44
1967     22        28846.61
1967     23        27228.54
1967     24        24109.99
1967     25        22102.17
1967     26        20770.23
1967     27        21219.04
1967     28        20769.24
1967     29        20179.58
1967     30        19270.14
1967     31        18752.25
1967     32        18789.64
1967     33        18588.09
1967     34        19430.97
1967     35        20275.84
1967     36        21320.49
1967     37        21022.67
1967     38        21362.33
1967     39        21758.50
1967     40        22425.75
1967     41        23105.25
1967     42        23652.92
1967     43        24872.00
1967     44        25693.92
1967     45        26152.92
1967     46        27438.92
1967     47        26048.08
1967     48        24516.00
1967     49        25296.58
1967     50        24781.17
1967     51        24180.50
1967     52        24043.17
1967     53        23971.83
1967     54        23972.00
1967     55        23642.50
1968     12        30281.32
1968     13        29972.65
1968     14        29705.26
1968     15        29942.95
1968     16        28628.95
1968     17        28851.99
1968     18        29380.55
1968     19        29662.01
1968     20        30690.64
1968     21        31969.90
1968     22        31416.21
1968     23        28782.83
1968     24        27169.83
1968     25        24088.19
1968     26        22083.56
1968     27        20754.33
1968     28        21227.02
1968     29        20781.83
1968     30        20197.87
1968     31        19280.36
1968     32        18762.51
1968     33        18806.85
1968     34        18582.85
1968     35        19429.60
1968     36        20269.84
1968     37        21319.22
1968     38        21020.67
1968     39        21338.75
1968     40        21740.42
1968     41        22413.33
1968     42        23079.00
1968     43        23632.58
1968     44        24836.83
1968     45        25641.00
1968     46        26125.83
1968     47        27385.00
1968     48        25997.83
1968     49        24455.67
1968     50        25230.83
1968     51        24709.42
1968     52        24087.67
1968     53        23944.08
1968     54        23884.92
1968     55        23870.58
1969     12        30247.58
1969     13        30287.29
1969     14        29979.68
1969     15        29701.67
1969     16        29935.68
1969     17        28650.73
1969     18        28866.42
1969     19        29318.64
1969     20        29607.05
1969     21        30660.41
1969     22        31887.79
1969     23        31338.94
1969     24        28722.37
1969     25        27165.40
1969     26        24074.79
1969     27        22076.16
1969     28        20755.90
1969     29        21241.54
1969     30        20789.78
1969     31        20201.45
1969     32        19300.83
1969     33        18779.33
1969     34        18806.25
1969     35        18577.06
1969     36        19422.60
1969     37        20271.78
1969     38        21318.49
1969     39        21016.17
1969     40        21321.92
1969     41        21721.83
1969     42        22397.75
1969     43        23053.08
1969     44        23595.08
1969     45        24773.67
1969     46        25609.67
1969     47        26077.08
1969     48        27332.00
1969     49        25930.42
1969     50        24379.08
1969     51        25151.67
1969     52        24620.83
1969     53        23995.08
1969     54        23858.83
1969     55        23776.00
1970     12        30142.15
1970     13        30253.59
1970     14        30297.32
1970     15        29974.22
1970     16        29684.70
1970     17        29965.64
1970     18        28633.84
1970     19        28747.75
1970     20        29216.53
1970     21        29527.74
1970     22        30537.40
1970     23        31786.24
1970     24        31248.43
1970     25        28680.51
1970     26        27117.16
1970     27        24028.79
1970     28        22042.03
1970     29        20730.24
1970     30        21249.55
1970     31        20779.78
1970     32        20206.01
1970     33        19291.78
1970     34        18772.24
1970     35        18796.91
1970     36        18563.94
1970     37        19417.39
1970     38        20253.29
1970     39        21318.87
1970     40        20991.50
1970     41        21299.67
1970     42        21694.42
1970     43        22375.42
1970     44        23023.58
1970     45        23550.00
1970     46        24723.33
1970     47        25551.50
1970     48        26021.92
1970     49        27251.58
1970     50        25850.25
1970     51        24297.00
1970     52        25067.08
1970     53        24530.92
1970     54        23898.92
1970     55        23745.50
1971     12        29992.06
1971     13        30146.10
1971     14        30260.46
1971     15        30296.40
1971     16        29970.12
1971     17        29730.15
1971     18        29944.86
1971     19        28554.55
1971     20        28662.70
1971     21        29155.99
1971     22        29443.41
1971     23        30482.85
1971     24        31701.38
1971     25        31200.56
1971     26        28619.50
1971     27        27049.20
1971     28        23983.20
1971     29        22002.59
1971     30        20721.73
1971     31        21208.52
1971     32        20756.43
1971     33        20177.43
1971     34        19272.48
1971     35        18756.38
1971     36        18774.15
1971     37        18549.92
1971     38        19394.73
1971     39        20235.91
1971     40        21292.92
1971     41        20972.83
1971     42        21265.42
1971     43        21673.33
1971     44        22345.42
1971     45        22977.83
1971     46        23511.50
1971     47        24681.17
1971     48        25484.25
1971     49        25938.25
1971     50        27176.33
1971     51        25787.25
1971     52        24212.50
1971     53        24981.75
1971     54        24430.67
1971     55        23789.92
1972     12        29744.50
1972     13        30003.84
1972     14        30157.85
1972     15        30271.12
1972     16        30302.26
1972     17        30021.61
1972     18        29753.51
1972     19        29910.83
1972     20        28556.31
1972     21        28646.21
1972     22        29168.88
1972     23        29456.47
1972     24        30462.12
1972     25        31725.96
1972     26        31200.34
1972     27        28609.08
1972     28        27038.74
1972     29        23990.08
1972     30        22011.93
1972     31        20722.34
1972     32        21214.80
1972     33        20773.80
1972     34        20190.21
1972     35        19281.53
1972     36        18751.08
1972     37        18771.57
1972     38        18551.84
1972     39        19383.83
1972     40        20219.75
1972     41        21287.98
1972     42        20946.83
1972     43        21263.58
1972     44        21652.33
1972     45        22304.92
1972     46        22954.25
1972     47        23491.83
1972     48        24629.00
1972     49        25409.58
1972     50        25876.00
1972     51        27120.17
1972     52        25700.75
1972     53        24139.17
1972     54        24888.92
1972     55        24322.67
1973     12        29611.31
1973     13        29770.05
1973     14        30016.12
1973     15        30183.08
1973     16        30273.65
1973     17        30356.30
1973     18        30030.98
1973     19        29720.00
1973     20        29904.37
1973     21        28514.21
1973     22        28655.17
1973     23        29157.40
1973     24        29471.63
1973     25        30494.44
1973     26        31754.73
1973     27        31214.55
1973     28        28639.27
1973     29        27083.04
1973     30        24034.20
1973     31        22053.36
1973     32        20761.72
1973     33        21254.75
1973     34        20803.52
1973     35        20221.89
1973     36        19290.89
1973     37        18755.85
1973     38        18771.07
1973     39        18547.05
1973     40        19390.93
1973     41        20226.23
1973     42        21251.25
1973     43        20945.67
1973     44        21249.67
1973     45        21618.92
1973     46        22278.33
1973     47        22937.75
1973     48        23453.50
1973     49        24575.50
1973     50        25349.50
1973     51        25801.42
1973     52        27032.67
1973     53        25621.08
1973     54        24051.00
1973     55        24790.42
1974     12        29769.77
1974     13        29624.96
1974     14        29766.37
1974     15        30037.37
1974     16        30175.29
1974     17        30323.33
1974     18        30336.16
1974     19        30017.28
1974     20        29686.27
1974     21        29872.39
1974     22        28503.89
1974     23        28672.32
1974     24        29160.35
1974     25        29501.97
1974     26        30528.37
1974     27        31794.74
1974     28        31245.59
1974     29        28655.06
1974     30        27108.44
1974     31        24053.04
1974     32        22068.22
1974     33        20781.89
1974     34        21269.01
1974     35        20818.99
1974     36        20228.47
1974     37        19294.49
1974     38        18753.30
1974     39        18762.72
1974     40        18557.61
1974     41        19377.76
1974     42        20197.53
1974     43        21244.73
1974     44        20927.67
1974     45        21219.83
1974     46        21589.00
1974     47        22249.42
1974     48        22899.83
1974     49        23393.00
1974     50        24512.00
1974     51        25273.50
1974     52        25719.67
1974     53        26942.25
1974     54        25519.58
1974     55        23952.33
1975     12        30331.96
1975     13        29769.28
1975     14        29628.75
1975     15        29764.02
1975     16        30031.20
1975     17        30222.08
1975     18        30339.30
1975     19        30344.91
1975     20        29986.30
1975     21        29668.07
1975     22        29876.88
1975     23        28545.16
1975     24        28685.34
1975     25        29214.37
1975     26        29525.02
1975     27        30539.26
1975     28        31808.86
1975     29        31266.89
1975     30        28676.11
1975     31        27134.00
1975     32        24054.02
1975     33        22099.32
1975     34        20793.33
1975     35        21272.63
1975     36        20849.19
1975     37        20231.87
1975     38        19312.12
1975     39        18746.17
1975     40        18763.30
1975     41        18539.09
1975     42        19360.18
1975     43        20184.13
1975     44        21224.86
1975     45        20884.42
1975     46        21177.17
1975     47        21539.00
1975     48        22215.08
1975     49        22831.58
1975     50        23330.08
1975     51        24447.67
1975     52        25199.33
1975     53        25626.42
1975     54        26825.75
1975     55        25405.67
1976     12        30786.35
1976     13        30353.95
1976     14        29773.54
1976     15        29624.50
1976     16        29771.55
1976     17        30077.04
1976     18        30240.69
1976     19        30333.79
1976     20        30303.67
1976     21        29968.03
1976     22        29665.92
1976     23        29903.84
1976     24        28604.97
1976     25        28718.16
1976     26        29259.54
1976     27        29539.84
1976     28        30567.65
1976     29        31859.28
1976     30        31295.84
1976     31        28715.57
1976     32        27149.32
1976     33        24093.17
1976     34        22123.90
1976     35        20805.26
1976     36        21313.84
1976     37        20856.96
1976     38        20237.89
1976     39        19319.59
1976     40        18754.81
1976     41        18761.93
1976     42        18526.36
1976     43        19342.93
1976     44        20170.43
1976     45        21194.06
1976     46        20847.92
1976     47        21130.25
1976     48        21503.92
1976     49        22162.08
1976     50        22774.08
1976     51        23262.92
1976     52        24373.92
1976     53        25101.17
1976     54        25523.00
1976     55        26705.08
1977     12        31651.74
1977     13        30815.43
1977     14        30353.11
1977     15        29792.23
1977     16        29640.09
1977     17        29822.24
1977     18        30105.81
1977     19        30240.32
1977     20        30316.08
1977     21        30316.19
1977     22        29989.27
1977     23        29722.72
1977     24        29990.42
1977     25        28641.73
1977     26        28767.31
1977     27        29295.19
1977     28        29602.62
1977     29        30620.78
1977     30        31900.09
1977     31        31335.24
1977     32        28734.99
1977     33        27178.80
1977     34        24139.23
1977     35        22135.36
1977     36        20840.86
1977     37        21323.13
1977     38        20858.38
1977     39        20253.18
1977     40        19322.80
1977     41        18747.51
1977     42        18766.27
1977     43        18513.84
1977     44        19339.10
1977     45        20160.92
1977     46        21174.24
1977     47        20812.92
1977     48        21098.25
1977     49        21461.00
1977     50        22115.17
1977     51        22714.17
1977     52        23191.08
1977     53        24286.58
1977     54        25017.00
1977     55        25411.50
1978     12        32075.03
1978     13        31662.20
1978     14        30831.98
1978     15        30376.04
1978     16        29811.67
1978     17        29700.92
1978     18        29872.51
1978     19        30131.78
1978     20        30276.90
1978     21        30325.56
1978     22        30374.35
1978     23        30069.93
1978     24        29802.07
1978     25        30038.65
1978     26        28682.32
1978     27        28797.11
1978     28        29355.76
1978     29        29634.57
1978     30        30658.84
1978     31        31929.69
1978     32        31345.10
1978     33        28757.98
1978     34        27221.93
1978     35        24139.24
1978     36        22161.78
1978     37        20845.33
1978     38        21316.99
1978     39        20853.58
1978     40        20253.38
1978     41        19312.00
1978     42        18744.98
1978     43        18754.81
1978     44        18497.92
1978     45        19324.38
1978     46        20134.85
1978     47        21130.52
1978     48        20782.33
1978     49        21051.00
1978     50        21409.17
1978     51        22051.58
1978     52        22646.92
1978     53        23115.67
1978     54        24210.33
1978     55        24903.25
1979     12        32105.37
1979     13        32075.44
1979     14        31673.04
1979     15        30835.76
1979     16        30406.39
1979     17        29869.59
1979     18        29739.20
1979     19        29906.18
1979     20        30173.42
1979     21        30281.82
1979     22        30364.86
1979     23        30424.44
1979     24        30103.23
1979     25        29815.53
1979     26        30055.10
1979     27        28706.85
1979     28        28831.75
1979     29        29364.78
1979     30        29638.12
1979     31        30660.54
1979     32        31926.42
1979     33        31361.55
1979     34        28777.84
1979     35        27218.90
1979     36        24141.24
1979     37        22165.77
1979     38        20828.21
1979     39        21302.46
1979     40        20845.09
1979     41        20243.70
1979     42        19287.92
1979     43        18727.24
1979     44        18732.46
1979     45        18482.24
1979     46        19291.34
1979     47        20089.89
1979     48        21094.99
1979     49        20740.58
1979     50        20991.25
1979     51        21346.00
1979     52        21989.67
1979     53        22561.08
1979     54        23042.92
1979     55        24104.67
1980     12        32404.16
1980     13        32110.54
1980     14        32085.77
1980     15        31688.41
1980     16        30877.47
1980     17        30475.89
1980     18        29931.03
1980     19        29781.59
1980     20        29938.23
1980     21        30200.04
1980     22        30293.35
1980     23        30403.17
1980     24        30437.60
1980     25        30122.24
1980     26        29828.47
1980     27        30060.17
1980     28        28714.75
1980     29        28838.69
1980     30        29352.53
1980     31        29622.70
1980     32        30666.66
1980     33        31932.77
1980     34        31380.36
1980     35        28790.12
1980     36        27213.33
1980     37        24129.87
1980     38        22147.71
1980     39        20822.47
1980     40        21295.98
1980     41        20822.84
1980     42        20218.19
1980     43        19265.11
1980     44        18716.36
1980     45        18720.24
1980     46        18456.09
1980     47        19249.78
1980     48        20049.61
1980     49        21056.11
1980     50        20691.33
1980     51        20935.83
1980     52        21279.33
1980     53        21899.50
1980     54        22481.50
1980     55        22958.67
1981     12        33140.67
1981     13        32433.78
1981     14        32130.89
1981     15        32123.41
1981     16        31737.71
1981     17        30972.55
1981     18        30576.42
1981     19        29980.10
1981     20        29845.99
1981     21        29981.99
1981     22        30246.44
1981     23        30352.60
1981     24        30451.15
1981     25        30511.92
1981     26        30202.77
1981     27        29865.19
1981     28        30077.54
1981     29        28750.93
1981     30        28850.37
1981     31        29372.80
1981     32        29637.97
1981     33        30697.79
1981     34        31951.11
1981     35        31400.43
1981     36        28798.36
1981     37        27196.59
1981     38        24135.76
1981     39        22160.78
1981     40        20823.80
1981     41        21279.92
1981     42        20815.78
1981     43        20204.77
1981     44        19256.14
1981     45        18699.41
1981     46        18693.33
1981     47        18414.32
1981     48        19210.37
1981     49        20011.73
1981     50        21015.44
1981     51        20638.17
1981     52        20868.33
1981     53        21204.83
1981     54        21821.17
1981     55        22389.83
1982     12        32244.15
1982     13        33173.69
1982     14        32456.79
1982     15        32150.96
1982     16        32155.51
1982     17        31815.08
1982     18        31053.54
1982     19        30626.48
1982     20        30056.79
1982     21        29912.01
1982     22        30054.71
1982     23        30309.50
1982     24        30462.24
1982     25        30529.28
1982     26        30598.56
1982     27        30268.33
1982     28        29921.83
1982     29        30134.17
1982     30        28794.55
1982     31        28917.06
1982     32        29394.72
1982     33        29689.58
1982     34        30724.24
1982     35        31972.84
1982     36        31419.66
1982     37        28802.14
1982     38        27202.98
1982     39        24150.64
1982     40        22156.29
1982     41        20811.79
1982     42        21280.24
1982     43        20805.20
1982     44        20187.97
1982     45        19237.02
1982     46        18679.45
1982     47        18657.77
1982     48        18386.21
1982     49        19174.68
1982     50        19974.39
1982     51        20960.78
1982     52        20584.33
1982     53        20803.17
1982     54        21137.33
1982     55        21730.50
1983     12        31908.34
1983     13        32270.20
1983     14        33203.41
1983     15        32467.35
1983     16        32179.79
1983     17        32230.87
1983     18        31890.67
1983     19        31128.04
1983     20        30687.14
1983     21        30092.59
1983     22        29945.25
1983     23        30099.66
1983     24        30399.68
1983     25        30506.82
1983     26        30574.87
1983     27        30658.84
1983     28        30314.70
1983     29        29972.09
1983     30        30181.12
1983     31        28850.26
1983     32        28927.75
1983     33        29424.16
1983     34        29720.74
1983     35        30746.53
1983     36        31977.18
1983     37        31426.46
1983     38        28794.57
1983     39        27198.82
1983     40        24152.12
1983     41        22136.29
1983     42        20811.38
1983     43        21258.96
1983     44        20783.28
1983     45        20174.22
1983     46        19223.91
1983     47        18652.16
1983     48        18630.89
1983     49        18353.09
1983     50        19134.15
1983     51        19918.22
1983     52        20904.81
1983     53        20509.67
1983     54        20730.50
1983     55        21040.83
1984     12        31975.21
1984     13        31927.60
1984     14        32297.07
1984     15        33216.43
1984     16        32510.63
1984     17        32263.09
1984     18        32312.35
1984     19        31995.58
1984     20        31176.55
1984     21        30681.58
1984     22        30100.18
1984     23        29975.76
1984     24        30162.62
1984     25        30451.46
1984     26        30546.12
1984     27        30625.12
1984     28        30687.49
1984     29        30386.74
1984     30        30014.57
1984     31        30233.01
1984     32        28835.21
1984     33        28940.79
1984     34        29455.92
1984     35        29742.30
1984     36        30742.79
1984     37        31968.35
1984     38        31431.37
1984     39        28773.44
1984     40        27213.13
1984     41        24134.77
1984     42        22128.20
1984     43        20785.79
1984     44        21246.70
1984     45        20761.74
1984     46        20151.50
1984     47        19201.56
1984     48        18612.11
1984     49        18600.05
1984     50        18311.26
1984     51        19081.84
1984     52        19862.59
1984     53        20824.24
1984     54        20429.83
1984     55        20637.17
1985     12        30901.28
1985     13        31995.57
1985     14        31940.37
1985     15        32316.26
1985     16        33256.75
1985     17        32592.58
1985     18        32370.56
1985     19        32449.53
1985     20        32037.78
1985     21        31197.39
1985     22        30727.35
1985     23        30178.36
1985     24        30042.21
1985     25        30246.03
1985     26        30536.46
1985     27        30617.45
1985     28        30686.51
1985     29        30752.78
1985     30        30422.39
1985     31        30060.60
1985     32        30249.77
1985     33        28853.71
1985     34        28983.10
1985     35        29475.26
1985     36        29753.60
1985     37        30735.14
1985     38        31968.31
1985     39        31426.55
1985     40        28787.23
1985     41        27195.31
1985     42        24115.45
1985     43        22098.64
1985     44        20761.74
1985     45        21222.14
1985     46        20732.13
1985     47        20126.74
1985     48        19145.52
1985     49        18568.00
1985     50        18550.54
1985     51        18255.25
1985     52        19027.53
1985     53        19798.84
1985     54        20740.13
1985     55        20344.50
1986     12        29990.13
1986     13        30936.54
1986     14        32011.95
1986     15        31981.11
1986     16        32364.29
1986     17        33366.23
1986     18        32748.69
1986     19        32530.32
1986     20        32546.46
1986     21        32114.94
1986     22        31292.57
1986     23        30854.89
1986     24        30282.72
1986     25        30171.37
1986     26        30370.42
1986     27        30630.93
1986     28        30721.71
1986     29        30765.08
1986     30        30817.78
1986     31        30476.65
1986     32        30108.65
1986     33        30270.32
1986     34        28897.69
1986     35        29003.39
1986     36        29498.41
1986     37        29748.43
1986     38        30728.41
1986     39        31979.61
1986     40        31420.60
1986     41        28780.53
1986     42        27179.04
1986     43        24102.53
1986     44        22073.75
1986     45        20741.12
1986     46        21194.81
1986     47        20702.63
1986     48        20072.75
1986     49        19095.25
1986     50        18514.79
1986     51        18489.79
1986     52        18193.06
1986     53        18980.35
1986     54        19715.01
1986     55        20659.34
1987     12        28666.74
1987     13        30025.68
1987     14        30982.24
1987     15        32068.23
1987     16        32029.50
1987     17        32491.18
1987     18        33525.23
1987     19        32919.87
1987     20        32670.69
1987     21        32639.58
1987     22        32258.89
1987     23        31470.13
1987     24        31035.40
1987     25        30465.60
1987     26        30347.38
1987     27        30494.52
1987     28        30770.41
1987     29        30874.62
1987     30        30886.59
1987     31        30908.91
1987     32        30556.12
1987     33        30158.34
1987     34        30328.23
1987     35        28933.68
1987     36        29024.24
1987     37        29502.41
1987     38        29753.02
1987     39        30741.14
1987     40        31972.01
1987     41        31424.09
1987     42        28765.49
1987     43        27189.22
1987     44        24091.14
1987     45        22056.23
1987     46        20722.94
1987     47        21160.66
1987     48        20669.97
1987     49        20006.93
1987     50        19050.08
1987     51        18455.95
1987     52        18428.42
1987     53        18139.35
1987     54        18914.79
1987     55        19623.95
1988     12        27064.17
1988     13        28705.83
1988     14        30075.47
1988     15        31029.05
1988     16        32121.14
1988     17        32154.80
1988     18        32645.41
1988     19        33681.24
1988     20        33048.34
1988     21        32756.96
1988     22        32786.61
1988     23        32428.82
1988     24        31648.09
1988     25        31212.29
1988     26        30652.85
1988     27        30528.43
1988     28        30653.86
1988     29        30924.50
1988     30        30996.22
1988     31        30994.96
1988     32        30995.63
1988     33        30618.21
1988     34        30228.31
1988     35        30371.98
1988     36        28942.87
1988     37        29033.98
1988     38        29533.87
1988     39        29767.85
1988     40        30745.78
1988     41        31950.00
1988     42        31387.59
1988     43        28747.84
1988     44        27173.96
1988     45        24069.34
1988     46        22023.60
1988     47        20672.37
1988     48        21125.76
1988     49        20613.29
1988     50        19965.14
1988     51        18996.47
1988     52        18399.82
1988     53        18366.24
1988     54        18085.67
1988     55        18826.95
1989     12        25927.10
1989     13        27093.56
1989     14        28733.74
1989     15        30110.66
1989     16        31074.75
1989     17        32219.54
1989     18        32215.31
1989     19        32613.50
1989     20        33644.17
1989     21        32968.19
1989     22        32765.55
1989     23        32802.03
1989     24        32500.95
1989     25        31717.95
1989     26        31301.85
1989     27        30768.20
1989     28        30616.68
1989     29        30716.38
1989     30        30967.36
1989     31        31043.90
1989     32        31011.94
1989     33        31017.03
1989     34        30669.82
1989     35        30217.76
1989     36        30363.57
1989     37        28930.48
1989     38        29023.92
1989     39        29514.74
1989     40        29747.89
1989     41        30689.32
1989     42        31909.58
1989     43        31345.75
1989     44        28691.87
1989     45        27127.49
1989     46        24025.73
1989     47        21972.66
1989     48        20619.44
1989     49        21075.17
1989     50        20551.24
1989     51        19915.27
1989     52        18932.40
1989     53        18349.19
1989     54        18303.50
1989     55        18010.34
1990     12        25292.80
1990     13        25953.54
1990     14        27130.57
1990     15        28764.92
1990     16        30149.14
1990     17        31173.77
1990     18        32236.25
1990     19        32132.78
1990     20        32537.75
1990     21        33534.33
1990     22        32957.48
1990     23        32731.71
1990     24        32808.42
1990     25        32519.77
1990     26        31768.47
1990     27        31323.84
1990     28        30782.63
1990     29        30639.41
1990     30        30723.99
1990     31        30965.24
1990     32        31021.42
1990     33        30990.54
1990     34        31032.51
1990     35        30646.20
1990     36        30197.87
1990     37        30332.73
1990     38        28905.81
1990     39        28989.36
1990     40        29468.65
1990     41        29681.70
1990     42        30653.00
1990     43        31865.38
1990     44        31267.56
1990     45        28638.72
1990     46        27062.14
1990     47        23967.79
1990     48        21908.61
1990     49        20559.39
1990     50        21013.70
1990     51        20498.78
1990     52        19846.07
1990     53        18881.99
1990     54        18284.21
1990     55        18222.00
1991     12        25793.34
1991     13        25328.05
1991     14        26008.69
1991     15        27167.25
1991     16        28814.36
1991     17        30267.75
1991     18        31285.25
1991     19        32261.70
1991     20        32215.29
1991     21        32631.62
1991     22        33644.71
1991     23        33036.66
1991     24        32816.18
1991     25        32906.04
1991     26        32610.87
1991     27        31832.30
1991     28        31368.64
1991     29        30850.62
1991     30        30667.25
1991     31        30760.03
1991     32        30965.20
1991     33        31015.19
1991     34        31011.50
1991     35        31055.30
1991     36        30650.35
1991     37        30174.87
1991     38        30322.15
1991     39        28890.68
1991     40        28965.16
1991     41        29441.43
1991     42        29670.97
1991     43        30616.55
1991     44        31811.14
1991     45        31232.41
1991     46        28589.24
1991     47        26996.07
1991     48        23912.27
1991     49        21862.14
1991     50        20515.00
1991     51        20956.50
1991     52        20435.29
1991     53        19793.32
1991     54        18817.93
1991     55        18222.06
1992     12        25369.66
1992     13        25830.17
1992     14        25376.61
1992     15        26066.23
1992     16        27226.75
1992     17        28927.60
1992     18        30403.00
1992     19        31326.48
1992     20        32408.05
1992     21        32363.02
1992     22        32770.75
1992     23        33824.09
1992     24        33216.58
1992     25        32987.39
1992     26        33058.50
1992     27        32755.39
1992     28        31941.12
1992     29        31484.85
1992     30        30958.48
1992     31        30743.39
1992     32        30803.11
1992     33        31008.08
1992     34        31060.37
1992     35        31066.28
1992     36        31087.86
1992     37        30659.94
1992     38        30188.01
1992     39        30331.79
1992     40        28883.13
1992     41        28974.22
1992     42        29460.43
1992     43        29653.31
1992     44        30588.44
1992     45        31793.63
1992     46        31207.19
1992     47        28547.49
1992     48        26958.47
1992     49        23888.47
1992     50        21826.19
1992     51        20461.38
1992     52        20919.85
1992     53        20376.56
1992     54        19735.99
1992     55        18760.33
1993     12        25606.38
1993     13        25453.71
1993     14        25894.20
1993     15        25456.51
1993     16        26169.22
1993     17        27374.53
1993     18        29095.48
1993     19        30469.74
1993     20        31499.14
1993     21        32547.60
1993     22        32543.40
1993     23        32989.43
1993     24        34040.62
1993     25        33415.08
1993     26        33167.97
1993     27        33228.46
1993     28        32904.05
1993     29        32067.19
1993     30        31644.26
1993     31        31058.02
1993     32        30833.08
1993     33        30874.87
1993     34        31085.90
1993     35        31155.67
1993     36        31125.10
1993     37        31150.55
1993     38        30716.16
1993     39        30237.89
1993     40        30350.83
1993     41        28904.30
1993     42        29009.48
1993     43        29492.49
1993     44        29682.10
1993     45        30598.12
1993     46        31777.04
1993     47        31193.17
1993     48        28533.88
1993     49        26946.75
1993     50        23864.68
1993     51        21777.65
1993     52        20438.96
1993     53        20871.38
1993     54        20327.36
1993     55        19672.81
1994     12        25596.23
1994     13        25694.94
1994     14        25525.02
1994     15        25982.67
1994     16        25547.65
1994     17        26342.32
1994     18        27537.20
1994     19        29155.08
1994     20        30648.30
1994     21        31613.27
1994     22        32744.64
1994     23        32738.25
1994     24        33194.26
1994     25        34222.91
1994     26        33564.29
1994     27        33301.90
1994     28        33356.37
1994     29        33018.38
1994     30        32183.72
1994     31        31747.53
1994     32        31150.14
1994     33        30918.33
1994     34        30965.84
1994     35        31159.85
1994     36        31208.24
1994     37        31200.04
1994     38        31192.48
1994     39        30765.12
1994     40        30289.17
1994     41        30382.56
1994     42        28946.61
1994     43        29046.71
1994     44        29509.37
1994     45        29696.14
1994     46        30582.36
1994     47        31754.42
1994     48        31157.63
1994     49        28489.66
1994     50        26902.81
1994     51        23810.18
1994     52        21738.09
1994     53        20409.90
1994     54        20822.09
1994     55        20280.71
1995     12        25172.42
1995     13        25643.00
1995     14        25731.26
1995     15        25577.75
1995     16        26046.54
1995     17        25688.31
1995     18        26467.09
1995     19        27589.64
1995     20        29329.39
1995     21        30729.95
1995     22        31728.55
1995     23        32912.26
1995     24        32880.63
1995     25        33345.89
1995     26        34350.26
1995     27        33666.87
1995     28        33392.86
1995     29        33455.58
1995     30        33132.94
1995     31        32276.50
1995     32        31800.79
1995     33        31212.72
1995     34        30952.91
1995     35        31015.63
1995     36        31192.52
1995     37        31264.91
1995     38        31224.51
1995     39        31215.85
1995     40        30786.77
1995     41        30283.05
1995     42        30398.08
1995     43        28951.56
1995     44        29032.68
1995     45        29510.79
1995     46        29665.85
1995     47        30520.29
1995     48        31701.10
1995     49        31088.61
1995     50        28417.03
1995     51        26832.50
1995     52        23748.27
1995     53        21699.50
1995     54        20365.25
1995     55        20756.13
1996     12        25207.03
1996     13        25206.09
1996     14        25662.19
1996     15        25757.38
1996     16        25649.23
1996     17        26189.01
1996     18        25826.12
1996     19        26543.50
1996     20        27739.77
1996     21        29418.51
1996     22        30813.15
1996     23        31910.25
1996     24        33002.56
1996     25        33040.31
1996     26        33495.15
1996     27        34475.64
1996     28        33777.92
1996     29        33499.80
1996     30        33560.08
1996     31        33229.94
1996     32        32304.74
1996     33        31839.88
1996     34        31233.13
1996     35        30979.57
1996     36        31049.97
1996     37        31220.33
1996     38        31277.15
1996     39        31212.36
1996     40        31201.28
1996     41        30758.56
1996     42        30283.66
1996     43        30400.00
1996     44        28938.32
1996     45        29013.42
1996     46        29466.64
1996     47        29605.14
1996     48        30482.36
1996     49        31628.20
1996     50        31005.70
1996     51        28342.16
1996     52        26760.80
1996     53        23680.91
1996     54        21649.86
1996     55        20268.97
1997     12        25540.92
1997     13        25232.54
1997     14        25255.53
1997     15        25693.75
1997     16        25832.28
1997     17        25793.11
1997     18        26305.51
1997     19        25967.60
1997     20        26707.17
1997     21        27845.03
1997     22        29553.23
1997     23        30999.71
1997     24        32069.63
1997     25        33200.39
1997     26        33238.79
1997     27        33686.64
1997     28        34633.56
1997     29        33897.48
1997     30        33604.30
1997     31        33671.09
1997     32        33284.05
1997     33        32367.76
1997     34        31896.80
1997     35        31261.75
1997     36        31021.19
1997     37        31081.65
1997     38        31257.82
1997     39        31264.27
1997     40        31224.47
1997     41        31202.21
1997     42        30770.79
1997     43        30276.52
1997     44        30376.86
1997     45        28905.74
1997     46        28960.01
1997     47        29422.15
1997     48        29563.63
1997     49        30418.67
1997     50        31553.62
1997     51        30925.13
1997     52        28264.83
1997     53        26682.99
1997     54        23606.61
1997     55        21560.41
1998     12        25940.16
1998     13        25586.92
1998     14        25300.51
1998     15        25305.24
1998     16        25782.31
1998     17        25983.65
1998     18        25921.70
1998     19        26610.69
1998     20        26202.39
1998     21        26905.58
1998     22        28054.72
1998     23        29787.91
1998     24        31248.18
1998     25        32330.96
1998     26        33458.58
1998     27        33484.59
1998     28        33906.20
1998     29        34787.80
1998     30        34046.86
1998     31        33745.33
1998     32        33759.02
1998     33        33365.24
1998     34        32458.02
1998     35        31976.84
1998     36        31334.03
1998     37        31098.33
1998     38        31133.55
1998     39        31295.88
1998     40        31309.52
1998     41        31240.91
1998     42        31228.32
1998     43        30752.64
1998     44        30268.00
1998     45        30361.70
1998     46        28882.27
1998     47        28929.91
1998     48        29380.21
1998     49        29516.81
1998     50        30356.38
1998     51        31463.51
1998     52        30835.35
1998     53        28177.92
1998     54        26587.23
1998     55        23524.36
1999     12        26710.39
1999     13        26061.73
1999     14        25693.94
1999     15        25402.98
1999     16        25427.52
1999     17        25961.89
1999     18        26146.44
1999     19        26345.42
1999     20        26836.78
1999     21        26447.99
1999     22        27123.14
1999     23        28357.68
1999     24        30036.57
1999     25        31527.23
1999     26        32627.99
1999     27        33717.90
1999     28        33739.38
1999     29        34142.25
1999     30        35014.29
1999     31        34257.79
1999     32        33895.49
1999     33        33878.42
1999     34        33506.67
1999     35        32580.69
1999     36        32096.26
1999     37        31451.86
1999     38        31175.05
1999     39        31198.61
1999     40        31347.96
1999     41        31349.69
1999     42        31292.71
1999     43        31253.49
1999     44        30775.14
1999     45        30274.69
1999     46        30378.35
1999     47        28866.52
1999     48        28904.85
1999     49        29335.20
1999     50        29480.79
1999     51        30286.90
1999     52        31407.25
1999     53        30740.79
1999     54        28088.82
1999     55        26503.29
2000     12        28307.88
2000     13        26828.88
2000     14        26148.74
2000     15        25776.08
2000     16        25518.82
2000     17        25594.35
2000     18        26127.30
2000     19        26515.35
2000     20        26471.09
2000     21        27004.95
2000     22        26625.32
2000     23        27364.90
2000     24        28581.14
2000     25        30305.18
2000     26        31783.56
2000     27        32848.37
2000     28        33909.25
2000     29        33964.71
2000     30        34323.80
2000     31        35195.25
2000     32        34420.13
2000     33        34015.65
2000     34        33995.78
2000     35        33604.30
2000     36        32663.12
2000     37        32192.69
2000     38        31522.97
2000     39        31210.22
2000     40        31239.20
2000     41        31376.07
2000     42        31367.07
2000     43        31318.18
2000     44        31261.68
2000     45        30774.25
2000     46        30274.66
2000     47        30348.63
2000     48        28835.73
2000     49        28847.66
2000     50        29298.36
2000     51        29436.60
2000     52        30225.15
2000     53        31323.71
2000     54        30641.03
2000     55        27991.38
2001     12        29127.93
2001     13        28350.75
2001     14        26863.29
2001     15        26189.98
2001     16        25851.88
2001     17        25663.43
2001     18        25757.10
2001     19        26400.34
2001     20        26609.57
2001     21        26607.94
2001     22        27186.37
2001     23        26814.94
2001     24        27609.50
2001     25        28845.35
2001     26        30526.02
2001     27        31981.38
2001     28        32995.81
2001     29        34067.48
2001     30        34065.30
2001     31        34433.11
2001     32        35293.04
2001     33        34522.61
2001     34        34081.38
2001     35        34036.36
2001     36        33645.21
2001     37        32716.79
2001     38        32213.72
2001     39        31530.07
2001     40        31231.54
2001     41        31254.17
2001     42        31363.11
2001     43        31366.96
2001     44        31318.15
2001     45        31233.39
2001     46        30733.97
2001     47        30221.26
2001     48        30294.03
2001     49        28785.36
2001     50        28783.22
2001     51        29242.23
2001     52        29355.26
2001     53        30137.62
2001     54        31213.14
2001     55        30521.82
2002     12        30440.43
2002     13        29192.29
2002     14        28427.76
2002     15        26955.44
2002     16        26297.21
2002     17        26026.09
2002     18        25836.98
2002     19        26065.89
2002     20        26572.97
2002     21        26811.44
2002     22        26868.58
2002     23        27490.59
2002     24        27141.83
2002     25        27958.02
2002     26        29182.66
2002     27        30819.17
2002     28        32217.53
2002     29        33219.76
2002     30        34247.31
2002     31        34239.06
2002     32        34601.85
2002     33        35456.36
2002     34        34625.31
2002     35        34172.18
2002     36        34123.78
2002     37        33731.96
2002     38        32785.65
2002     39        32288.14
2002     40        31570.96
2002     41        31288.35
2002     42        31272.42
2002     43        31417.57
2002     44        31401.38
2002     45        31299.16
2002     46        31210.58
2002     47        30701.18
2002     48        30181.15
2002     49        30261.30
2002     50        28737.06
2002     51        28720.87
2002     52        29164.94
2002     53        29274.91
2002     54        30043.00
2002     55        31091.52
2003     12        30783.89
2003     13        30538.95
2003     14        29309.74
2003     15        28534.97
2003     16        27079.98
2003     17        26465.19
2003     18        26211.47
2003     19        26150.17
2003     20        26260.79
2003     21        26807.23
2003     22        27093.04
2003     23        27185.35
2003     24        27830.97
2003     25        27466.82
2003     26        28329.97
2003     27        29488.41
2003     28        31103.00
2003     29        32478.73
2003     30        33420.66
2003     31        34423.02
2003     32        34432.73
2003     33        34764.69
2003     34        35585.58
2003     35        34738.01
2003     36        34275.57
2003     37        34240.71
2003     38        33838.71
2003     39        32891.02
2003     40        32333.91
2003     41        31618.91
2003     42        31319.81
2003     43        31327.50
2003     44        31447.64
2003     45        31396.20
2003     46        31300.14
2003     47        31205.08
2003     48        30680.70
2003     49        30150.40
2003     50        30218.02
2003     51        28690.78
2003     52        28644.36
2003     53        29094.36
2003     54        29189.32
2003     55        29930.62
2004     12        30420.23
2004     13        30874.11
2004     14        30653.05
2004     15        29391.76
2004     16        28666.59
2004     17        27210.24
2004     18        26620.39
2004     19        26468.18
2004     20        26334.87
2004     21        26447.75
2004     22        27052.25
2004     23        27402.80
2004     24        27485.12
2004     25        28130.12
2004     26        27781.35
2004     27        28597.52
2004     28        29736.06
2004     29        31353.38
2004     30        32692.45
2004     31        33555.75
2004     32        34558.05
2004     33        34563.24
2004     34        34893.67
2004     35        35670.69
2004     36        34841.30
2004     37        34357.56
2004     38        34315.56
2004     39        33903.24
2004     40        32936.53
2004     41        32369.86
2004     42        31657.46
2004     43        31333.10
2004     44        31347.62
2004     45        31447.44
2004     46        31404.92
2004     47        31284.47
2004     48        31184.58
2004     49        30643.47
2004     50        30099.94
2004     51        30170.93
2004     52        28620.51
2004     53        28579.36
2004     54        29010.72
2004     55        29090.77
2005     12        30213.75
2005     13        30518.74
2005     14        30994.30
2005     15        30751.01
2005     16        29530.73
2005     17        28786.62
2005     18        27347.13
2005     19        26868.08
2005     20        26686.44
2005     21        26512.57
2005     22        26727.88
2005     23        27437.46
2005     24        27727.47
2005     25        27872.02
2005     26        28520.58
2005     27        28126.11
2005     28        28919.75
2005     29        30048.72
2005     30        31625.97
2005     31        32878.68
2005     32        33732.78
2005     33        34730.57
2005     34        34737.93
2005     35        35029.52
2005     36        35805.01
2005     37        34934.10
2005     38        34449.49
2005     39        34375.00
2005     40        33976.64
2005     41        33001.30
2005     42        32414.53
2005     43        31688.38
2005     44        31360.04
2005     45        31367.30
2005     46        31457.77
2005     47        31392.15
2005     48        31258.96
2005     49        31138.09
2005     50        30606.64
2005     51        30041.19
2005     52        30101.95
2005     53        28560.61
2005     54        28494.59
2005     55        28923.91
2006     12        30293.46
2006     13        30326.64
2006     14        30630.90
2006     15        31099.82
2006     16        30883.03
2006     17        29673.96
2006     18        28942.15
2006     19        27616.07
2006     20        27078.36
2006     21        26887.96
2006     22        26823.52
2006     23        27154.86
2006     24        27839.79
2006     25        28121.26
2006     26        28336.94
2006     27        28977.21
2006     28        28577.54
2006     29        29274.45
2006     30        30366.84
2006     31        31886.01
2006     32        33121.33
2006     33        33928.20
2006     34        34945.44
2006     35        34927.52
2006     36        35209.22
2006     37        35960.98
2006     38        35059.66
2006     39        34550.80
2006     40        34450.65
2006     41        34052.41
2006     42        33062.15
2006     43        32456.90
2006     44        31707.72
2006     45        31390.51
2006     46        31372.32
2006     47        31443.94
2006     48        31387.68
2006     49        31210.08
2006     50        31118.36
2006     51        30559.52
2006     52        29978.24
2006     53        30044.61
2006     54        28486.20
2006     55        28429.39
2007     12        30640.19
2007     13        30433.60
2007     14        30449.59
2007     15        30750.76
2007     16        31242.77
2007     17        31070.01
2007     18        29826.93
2007     19        29242.94
2007     20        27866.72
2007     21        27374.53
2007     22        27287.88
2007     23        27340.62
2007     24        27746.65
2007     25        28401.09
2007     26        28815.82
2007     27        29006.12
2007     28        29612.87
2007     29        29064.17
2007     30        29709.26
2007     31        30753.27
2007     32        32218.70
2007     33        33380.50
2007     34        34196.40
2007     35        35198.64
2007     36        35155.98
2007     37        35407.83
2007     38        36125.35
2007     39        35225.58
2007     40        34658.21
2007     41        34557.73
2007     42        34146.00
2007     43        33120.25
2007     44        32517.55
2007     45        31753.92
2007     46        31422.45
2007     47        31376.04
2007     48        31473.72
2007     49        31362.11
2007     50        31205.22
2007     51        31094.07
2007     52        30522.06
2007     53        29937.94
2007     54        29986.39
2007     55        28423.51
2008     12        30741.35
2008     13        30811.15
2008     14        30616.31
2008     15        30603.01
2008     16        30912.84
2008     17        31431.98
2008     18        31243.73
2008     19        30147.88
2008     20        29577.14
2008     21        28295.23
2008     22        27909.55
2008     23        27949.16
2008     24        28115.10
2008     25        28593.58
2008     26        29317.14
2008     27        29683.73
2008     28        29837.18
2008     29        30298.49
2008     30        29650.25
2008     31        30240.32
2008     32        31210.16
2008     33        32606.38
2008     34        33736.71
2008     35        34527.64
2008     36        35498.77
2008     37        35423.90
2008     38        35641.55
2008     39        36350.39
2008     40        35418.12
2008     41        34831.81
2008     42        34697.36
2008     43        34257.75
2008     44        33237.14
2008     45        32622.26
2008     46        31848.50
2008     47        31488.97
2008     48        31421.11
2008     49        31504.08
2008     50        31382.61
2008     51        31198.48
2008     52        31080.14
2008     53        30502.24
2008     54        29890.37
2008     55        29924.75
2009     12        31214.40
2009     13        30919.93
2009     14        31006.17
2009     15        30778.98
2009     16        30791.35
2009     17        31079.11
2009     18        31636.49
2009     19        31589.73
2009     20        30509.51
2009     21        30084.91
2009     22        28918.58
2009     23        28664.96
2009     24        28802.20
2009     25        29096.54
2009     26        29557.77
2009     27        30211.70
2009     28        30534.73
2009     29        30596.05
2009     30        30938.34
2009     31        30204.24
2009     32        30695.23
2009     33        31607.78
2009     34        33018.37
2009     35        34114.27
2009     36        34863.37
2009     37        35797.95
2009     38        35688.37
2009     39        35890.53
2009     40        36570.58
2009     41        35627.44
2009     42        35012.43
2009     43        34853.37
2009     44        34400.49
2009     45        33380.13
2009     46        32722.47
2009     47        31947.92
2009     48        31549.01
2009     49        31477.90
2009     50        31540.00
2009     51        31395.86
2009     52        31190.58
2009     53        31066.63
2009     54        30459.25
2009     55        29863.81
2010     12        30351.88
2010     13        31387.23
2010     14        31100.57
2010     15        31151.48
2010     16        30971.51
2010     17        30970.03
2010     18        31293.41
2010     19        32023.24
2010     20        32061.18
2010     21        31115.36
2010     22        30828.24
2010     23        29783.58
2010     24        29629.56
2010     25        29854.77
2010     26        30146.40
2010     27        30481.93
2010     28        31050.98
2010     29        31258.07
2010     30        31196.02
2010     31        31424.16
2010     32        30603.70
2010     33        31104.63
2010     34        32012.00
2010     35        33380.42
2010     36        34441.21
2010     37        35142.45
2010     38        36048.45
2010     39        35928.63
2010     40        36096.76
2010     41        36775.92
2010     42        35818.76
2010     43        35165.91
2010     44        35001.23
2010     45        34532.89
2010     46        33470.88
2010     47        32832.52
2010     48        32014.83
2010     49        31583.56
2010     50        31522.63
2010     51        31550.71
2010     52        31390.30
2010     53        31164.92
2010     54        31023.65
2010     55        30433.66
2011     12        30350.88
2011     13        30509.55
2011     14        31572.34
2011     15        31245.15
2011     16        31356.26
2011     17        31155.31
2011     18        31184.87
2011     19        31685.44
2011     20        32512.35
2011     21        32701.81
2011     22        31896.02
2011     23        31769.01
2011     24        30799.85
2011     25        30734.15
2011     26        30951.92
2011     27        31112.92
2011     28        31371.45
2011     29        31745.82
2011     30        31899.12
2011     31        31671.49
2011     32        31861.86
2011     33        31039.68
2011     34        31508.04
2011     35        32349.54
2011     36        33703.43
2011     37        34729.04
2011     38        35407.54
2011     39        36297.72
2011     40        36143.63
2011     41        36319.85
2011     42        36975.00
2011     43        35979.61
2011     44        35320.19
2011     45        35112.37
2011     46        34669.22
2011     47        33580.51
2011     48        32890.59
2011     49        32068.91
2011     50        31644.49
2011     51        31529.28
2011     52        31554.49
2011     53        31368.03
2011     54        31130.22
2011     55        30975.68
2012     12        30745.43
2012     13        30519.40
2012     14        30681.01
2012     15        31747.19
2012     16        31474.67
2012     17        31560.48
2012     18        31377.18
2012     19        31572.94
2012     20        32134.92
2012     21        33060.80
2012     22        33436.42
2012     23        32767.56
2012     24        32761.32
2012     25        31936.43
2012     26        31852.81
2012     27        31958.66
2012     28        32052.24
2012     29        32152.27
2012     30        32455.80
2012     31        32399.21
2012     32        32164.26
2012     33        32312.67
2012     34        31474.67
2012     35        31906.41
2012     36        32689.43
2012     37        34009.88
2012     38        35031.76
2012     39        35709.51
2012     40        36535.00
2012     41        36355.37
2012     42        36520.78
2012     43        37137.69
2012     44        36144.49
2012     45        35431.56
2012     46        35241.74
2012     47        34765.01
2012     48        33644.79
2012     49        32964.01
2012     50        32117.07
2012     51        31670.17
2012     52        31550.43
2012     53        31546.00
2012     54        31341.40
2012     55        31090.54
2013     12        30289.50
2013     13        30942.85
2013     14        30694.86
2013     15        30856.99
2013     16        31984.69
2013     17        31713.44
2013     18        31791.88
2013     19        31725.96
2013     20        31938.00
2013     21        32608.22
2013     22        33728.19
2013     23        34222.81
2013     24        33677.92
2013     25        33849.33
2013     26        32979.35
2013     27        32878.05
2013     28        32931.43
2013     29        32872.00
2013     30        32853.31
2013     31        32945.28
2013     32        32905.58
2013     33        32606.19
2013     34        32737.09
2013     35        31883.32
2013     36        32253.07
2013     37        33005.91
2013     38        34298.77
2013     39        35331.16
2013     40        35941.30
2013     41        36722.88
2013     42        36552.37
2013     43        36659.02
2013     44        37279.87
2013     45        36244.31
2013     46        35509.81
2013     47        35329.00
2013     48        34839.25
2013     49        33701.91
2013     50        32985.90
2013     51        32133.19
2013     52        31668.57
2013     53        31543.98
2013     54        31528.78
2013     55        31317.46
2014     12        29469.40
2014     13        30477.16
2014     14        31121.14
2014     15        30866.60
2014     16        31096.21
2014     17        32209.26
2014     18        31940.84
2014     19        32080.56
2014     20        32053.22
2014     21        32417.13
2014     22        33199.09
2014     23        34438.79
2014     24        35047.43
2014     25        34649.69
2014     26        34827.08
2014     27        33895.60
2014     28        33737.96
2014     29        33660.71
2014     30        33508.40
2014     31        33295.92
2014     32        33381.26
2014     33        33286.80
2014     34        32976.74
2014     35        33076.09
2014     36        32208.28
2014     37        32538.31
2014     38        33272.89
2014     39        34534.59
2014     40        35527.03
2014     41        36135.06
2014     42        36908.20
2014     43        36698.48
2014     44        36789.91
2014     45        37369.75
2014     46        36301.10
2014     47        35589.94
2014     48        35392.58
2014     49        34876.12
2014     50        33723.91
2014     51        32992.65
2014     52        32124.56
2014     53        31661.04
2014     54        31520.61
2014     55        31487.68
2015     12        29625.16
2015     13        29652.36
2015     14        30648.00
2015     15        31319.77
2015     16        31129.42
2015     17        31328.47
2015     18        32440.76
2015     19        32174.65
2015     20        32385.96
2015     21        32481.43
2015     22        32856.48
2015     23        33808.69
2015     24        35102.91
2015     25        35907.03
2015     26        35490.53
2015     27        35610.53
2015     28        34556.63
2015     29        34353.56
2015     30        34145.73
2015     31        33878.70
2015     32        33575.54
2015     33        33701.04
2015     34        33587.87
2015     35        33292.34
2015     36        33341.13
2015     37        32438.42
2015     38        32760.07
2015     39        33452.30
2015     40        34714.68
2015     41        35725.21
2015     42        36295.41
2015     43        37055.58
2015     44        36817.57
2015     45        36905.97
2015     46        37417.95
2015     47        36376.33
2015     48        35650.30
2015     49        35407.08
2015     50        34903.68
2015     51        33719.58
2015     52        33006.74
2015     53        32105.92
2015     54        31623.68
2015     55        31463.84
2016     12        30514.31
2016     13        29816.41
2016     14        29832.61
2016     15        30849.28
2016     16        31586.31
2016     17        31364.95
2016     18        31565.24
2016     19        32604.58
2016     20        32406.32
2016     21        32706.24
2016     22        32835.29
2016     23        33355.09
2016     24        34348.04
2016     25        35801.92
2016     26        36576.55
2016     27        36128.02
2016     28        36125.89
2016     29        35046.30
2016     30        34697.05
2016     31        34445.56
2016     32        34039.07
2016     33        33839.29
2016     34        33906.42
2016     35        33821.33
2016     36        33519.87
2016     37        33531.65
2016     38        32628.71
2016     39        32923.41
2016     40        33598.80
2016     41        34874.72
2016     42        35857.66
2016     43        36413.69
2016     44        37172.86
2016     45        36914.91
2016     46        36946.90
2016     47        37475.05
2016     48        36436.57
2016     49        35672.94
2016     50        35445.01
2016     51        34892.33
2016     52        33724.36
2016     53        32980.16
2016     54        32065.37
2016     55        31584.53
2017     12        30596.40
2017     13        30675.39
2017     14        29967.01
2017     15        30015.66
2017     16        31076.34
2017     17        31793.77
2017     18        31600.74
2017     19        31704.19
2017     20        32821.16
2017     21        32662.84
2017     22        33059.73
2017     23        33267.88
2017     24        33879.09
2017     25        35024.63
2017     26        36410.03
2017     27        37141.05
2017     28        36614.36
2017     29        36515.07
2017     30        35359.06
2017     31        34925.65
2017     32        34621.70
2017     33        34257.93
2017     34        34014.46
2017     35        34076.21
2017     36        34035.81
2017     37        33690.73
2017     38        33715.25
2017     39        32788.45
2017     40        33068.70
2017     41        33714.78
2017     42        34986.53
2017     43        35955.18
2017     44        36515.70
2017     45        37221.10
2017     46        36946.19
2017     47        36983.74
2017     48        37526.32
2017     49        36458.84
2017     50        35714.09
2017     51        35433.16
2017     52        34882.24
2017     53        33696.51
2017     54        32927.35
2017     55        32020.62
2018     12        30957.55
2018     13        30730.43
2018     14        30788.48
2018     15        30114.13
2018     16        30207.97
2018     17        31249.86
2018     18        32012.25
2018     19        31706.23
2018     20        31891.57
2018     21        33076.03
2018     22        33027.30
2018     23        33442.54
2018     24        33772.34
2018     25        34538.44
2018     26        35603.45
2018     27        36999.35
2018     28        37642.61
2018     29        36986.51
2018     30        36829.89
2018     31        35570.08
2018     32        35127.36
2018     33        34798.52
2018     34        34419.50
2018     35        34189.67
2018     36        34228.58
2018     37        34200.79
2018     38        33819.54
2018     39        33854.86
2018     40        32929.32
2018     41        33183.07
2018     42        33808.01
2018     43        35110.48
2018     44        36055.69
2018     45        36568.11
2018     46        37259.64
2018     47        36999.58
2018     48        37012.28
2018     49        37533.28
2018     50        36480.12
2018     51        35705.48
2018     52        35411.42
2018     53        34848.05
2018     54        33653.06
2018     55        32870.76
2019     12        31303.41
2019     13        31086.83
2019     14        30836.43
2019     15        30896.00
2019     16        30289.96
2019     17        30358.24
2019     18        31449.34
2019     19        32091.16
2019     20        31855.43
2019     21        32123.29
2019     22        33355.96
2019     23        33389.95
2019     24        33961.73
2019     25        34411.22
2019     26        35163.56
2019     27        36285.11
2019     28        37541.18
2019     29        38122.50
2019     30        37387.15
2019     31        37128.79
2019     32        35823.62
2019     33        35382.86
2019     34        35015.38
2019     35        34636.22
2019     36        34384.30
2019     37        34395.27
2019     38        34352.16
2019     39        33970.04
2019     40        33973.21
2019     41        33040.10
2019     42        33298.52
2019     43        33947.26
2019     44        35224.55
2019     45        36125.89
2019     46        36644.11
2019     47        37333.93
2019     48        37038.12
2019     49        37037.76
2019     50        37565.89
2019     51        36486.07
2019     52        35682.19
2019     53        35385.06
2019     54        34810.79
2019     55        33605.44
2020     12        31676.10
2020     13        31409.95
2020     14        31172.90
2020     15        30926.77
2020     16        31017.56
2020     17        30417.35
2020     18        30526.89
2020     19        31527.76
2020     20        32154.32
2020     21        31979.70
2020     22        32247.33
2020     23        33623.96
2020     24        33798.79
2020     25        34497.31
2020     26        34962.02
2020     27        35759.13
2020     28        36719.87
2020     29        37948.93
2020     30        38436.13
2020     31        37634.24
2020     32        37328.13
2020     33        36021.56
2020     34        35578.43
2020     35        35199.08
2020     36        34765.28
2020     37        34505.36
2020     38        34509.51
2020     39        34480.11
2020     40        34054.00
2020     41        34052.34
2020     42        33150.91
2020     43        33401.91
2020     44        34012.79
2020     45        35295.38
2020     46        36204.04
2020     47        36699.73
2020     48        37360.64
2020     49        37054.48
2020     50        37066.14
2020     51        37562.75
2020     52        36463.08
2020     53        35662.16
2020     54        35323.51
2020     55        34765.10
2021     12        32301.42
2021     13        31774.66
2021     14        31486.97
2021     15        31278.74
2021     16        31040.06
2021     17        31127.24
2021     18        30586.10
2021     19        30620.95
2021     20        31613.69
2021     21        32294.58
2021     22        32171.02
2021     23        32522.64
2021     24        34088.61
2021     25        34359.65
2021     26        35090.17
2021     27        35438.25
2021     28        36175.77
2021     29        37066.04
2021     30        38181.20
2021     31        38630.62
2021     32        37740.35
2021     33        37444.91
2021     34        36154.85
2021     35        35670.81
2021     36        35252.81
2021     37        34847.24
2021     38        34572.49
2021     39        34596.44
2021     40        34548.75
2021     41        34113.52
2021     42        34131.91
2021     43        33232.14
2021     44        33454.79
2021     45        34073.13
2021     46        35352.45
2021     47        36252.21
2021     48        36709.87
2021     49        37360.46
2021     50        37080.92
2021     51        37066.88
2021     52        37548.39
2021     53        36466.97
2021     54        35613.41
2021     55        35269.16
2022     12        32649.28
2022     13        32562.07
2022     14        32017.61
2022     15        31767.00
2022     16        31559.28
2022     17        31311.23
2022     18        31473.75
2022     19        30858.12
2022     20        30935.45
2022     21        31979.40
2022     22        32729.94
2022     23        32722.42
2022     24        33279.84
2022     25        34901.96
2022     26        35188.36
2022     27        35825.64
2022     28        36204.47
2022     29        36820.09
2022     30        37667.56
2022     31        38717.66
2022     32        39051.27
2022     33        38205.92
2022     34        37867.39
2022     35        36561.33
2022     36        36061.70
2022     37        35661.68
2022     38        35256.72
2022     39        34957.76
2022     40        34957.24
2022     41        34852.83
2022     42        34431.14
2022     43        34423.46
2022     44        33495.73
2022     45        33689.93
2022     46        34297.86
2022     47        35553.77
2022     48        36437.09
2022     49        36853.58
2022     50        37524.22
2022     51        37178.68
2022     52        37177.66
2022     53        37639.57
2022     54        36525.43
2022     55        35659.48
